648
9176 27859 29452
6421 10318 13401
27144 26295 21987
23908 31174 13858
3577 23394 16715
32339 12131 1640
6826 18978 3693
17188 29480 16338
11805 26387 28319
18151 7865 11507
23072 16439 9609
19836 12764 1092
4574 4171 15941
7113 25428 26911
3184 26259 9555
30023 17854 9362
9180 27995 10939
5424 23938 24363
13638 8417 22198
17397 9715 16636
12872 18139 173
6601 13099 20371
15520 31451 2937
9569 11094 14752
7350 15938 23327
6710 3417 3690
30903 14976 22408
27633 29731 13178
13604 23242 27868
25801 3333 21748
10543 7831 17799
25332 7396 7581
8261 6274 17182
3457 804 18819
20354 1379 21140
2871 31387 12979
16658 21940 28029
9797 14321 22931
4265 30631 15707
24041 16945 12978
31635 14969 14109
17247 19836 16935
3084 21468 29791
12720 18719 20703
23273 30361 23826
2107 2419 25189
21420 5553 12167
7691 19290 4616
26271 29095 28183
14431 4655 13424
29070 30147 230
30954 25219 5885
13105 18781 16239
2221 27394 2181
9834 23965 26831
19083 6734 3919
31197 14900 8986
11480 15294 24153
19860 27633 14617
21399 20019 20556
17321 20039 19259
23844 12168 30896
4650 1304 21422
380 15443 19513
29620 28265 1737
20578 30430 1857
24958 11208 4185
27916 31148 26065
15553 12676 17268
26154 14567 713
18118 7700 21968
16214 13184 23550
19969 1588 218
32089 32761 5997
7169 29352 12800
6340 27138 18902
17183 4771 8426
13005 28016 14677
15403 12868 32152
22133 4162 30424
9105 26279 16791
1119 16557 16262
8869 10617 22231
20957 15706 29543
32028 23577 3009
5153 32107 8446
9182 28322 32665
30362 23258 15751
26024 16759 9056
2008 15689 12309
11078 22566 27295
19095 31856 27094
28742 10941 9457
16572 30868 28690
10868 24300 1055
17511 19675 3276
24959 1151 23589
26478 21077 24844
9621 10525 396
3034 15376 24630
11998 17739 8136
2106 13210 24067
2327 14624 17573
228 23213 24816
5567 22845 32494
15245 16904 26942
13462 31954 7619
9392 3743 24801
21849 9187 11108
5816 32161 743
26374 14598 31070
16638 3343 18748
22538 13394 19797
24806 4562 26084
30754 3388 17633
27077 17809 2292
22497 1928 11323
18523 9663 18167
2835 2980 5807
13573 10895 27520
19057 29956 22793
5103 14290 29208
9828 8533 25973
17644 754 21456
8147 8611 17813
3273 20609 25106
23845 19145 23218
44 12562 6030
8444 5309 30027
7263 6239 11868
30046 20636 3203
5274 6880 30361
31041 19328 13071
23212 7525 27449
14262 2181 10930
8203 8017 27326
14119 26252 30834
2227 21377 22546
21603 22164 27393
7019 17677 19385
20591 19918 29208
13109 7263 30738
2388 27309 16563
25630 3672 875
30049 26273 19817
31150 25207 28931
30109 30276 11100
32667 7743 20059
16216 14370 15222
13717 4950 19559
17954 22106 10473
30021 6919 17522
1678 6610 21805
32211 1329 30426
10118 28087 5874
23180 31186 9714
27432 18546 19648
17027 5030 6567
10582 11113 3902
27972 8082 10424
23940 32027 6226
31979 32724 10920
32369 31100 2967
22596 819 16818
12737 25244 483
12219 24478 20066
18106 4090 23759
32322 15619 9890
2704 1304 18557
13188 10300 26720
19969 26661 16658
26349 12132 1044
10041 6111 16031
2938 8194 30159
27693 19443 9582
10828 13493 9116
24816 11659 4585
15982 17267 3674
29358 15818 24223
30294 32381 32340
25432 15966 10249
28677 27016 10055
21282 13436 25887
2769 4569 30613
27736 6362 15589
13885 13117 29906
27461 26501 24685
18287 3367 15349
7965 6306 11785
26402 4701 1481
8734 10114 3484
10278 8947 128
13935 16272 8018
23244 29582 30056
16999 32501 19743
19407 30241 7737
8760 3350 25819
23964 22431 20342
15932 5943 25556
24834 17243 17875
23633 12249 24103
20150 26640 672
18439 7613 15182
5424 957 18347
143 28043 11920
9921 21218 32021
27818 9615 11622
25089 29887 11273
29709 23817 32495
25309 31136 20322
6894 16644 9987
21743 12642 6039
10171 20149 13452
4069 16301 29071
17451 20418 11816
11554 18589 14370
16934 32532 18760
29158 975 1657
568 15605 5951
27534 32009 13711
15497 28586 12552
990 4348 14705
28309 10702 30117
12619 6604 25375
16148 533 30820
19385 4707 4630
5846 16447 4981
2100 2242 11494
18556 12647 2191
16008 22206 23151
14931 10740 31896
29122 5618 32137
27843 1481 15497
12547 28374 29515
15629 26516 26892
22570 3119 6199
14152 7757 13187
4161 29526 13021
31714 1080 4724
15796 5901 8937
31761 27922 3218
24245 32212 10642
28148 24876 16608
18013 5638 23773
9303 414 30616
12651 8476 26934
16213 5604 6878
30640 19692 15695
16978 32119 18286
10628 27839 10822
20727 8257 1216
19169 7569 30329
30790 3843 29013
9711 18396 27543
18900 24836 6959
27946 14005 6349
32461 3745 9631
10601 12077 26663
9561 8338 5360
19050 25647 21105
22118 6663 28056
12471 8788 32578
27415 6121 6132
15867 27743 1787
28734 18910 31418
29985 19558 27353
31659 14818 19878
1491 9938 15214
23101 23963 4881
22321 13240 24606
7917 14504 17008
21470 14391 4724
14932 31135 18155
28077 31976 30307
16216 888 23694
6553 8065 21724
9477 21394 23492
29905 3375 28724
32441 14490 30231
27122 93 16981
6962 26876 6256
6609 6117 17074
4123 18335 26184
3423 22230 9836
15146 7204 24201
24206 25429 30514
753 16348 1554
9276 70 28099
28912 21293 15643
4502 20674 17174
27525 1830 31719
29546 17791 14227
12750 30061 26765
5729 29624 29162
5280 29902 23232
14116 21050 8035
3865 25360 17362
31178 17560 32193
9850 3295 24690
6180 17855 15113
11334 17133 26321
3787 14942 29137
28388 22422 24370
7926 18645 2274
25645 17064 19985
3965 22452 29517
14003 4386 7781
16795 21740 19021
10652 9480 8104
32334 30524 3202
20590 11676 16044
26465 6280 1645
28447 15002 12645
17283 25369 5685
19515 27977 27951
32513 9456 12574
8718 8326 15419
17137 958 23355
32007 32014 29224
761 20760 12855
1238 25008 26864
26103 12795 21081
15092 24371 26291
2091 32203 18690
29835 22034 8711
21951 30788 2653
3847 6236 7636
12982 10011 2040
26030 23640 22250
25012 20291 9340
13329 23747 3273
11540 28429 25793
9275 18876 7259
20038 8609 30958
6365 14778 16017
32117 3456 6251
8950 11300 22044
2012 8976 16839
20380 30561 7868
21850 20830 19432
26102 14969 21981
30234 18076 26648
5773 11939 10100
14196 7942 19661
21617 3913 7013
27476 24626 20294
26095 20342 16076
4030 6136 17993
32201 2464 8708
27729 15729 15017
12075 4946 20296
6616 22466 14947
7639 28707 26423
19524 16815 10600
14653 6129 26540
12710 29225 14199
27767 12909 5788
22791 20814 17555
18019 7753 28168
27177 7835 1522
1107 25773 1817
5017 6209 15233
28425 10695 12803
1692 15572 19021
27892 20864 30024
12506 30681 10860
24051 31692 27238
12754 7887 22343
5125 15883 10021
24196 10196 26442
22955 10092 27116
4047 17391 11366
16873 15453 25849
2157 22183 20717
18220 14693 5961
1444 29038 23727
21888 10243 29577
6651 21770 31838
4560 12381 29816
21391 21509 22948
21301 10475 31610
30695 6340 23669
9335 16736 16713
23890 5852 24189
4939 22653 2567
11829 8888 16316
24568 9369 1321
15571 7091 30635
7016 25847 5862
3698 5168 16517
15052 26190 3123
31476 16465 25226
28513 20233 15223
14896 32616 841
30200 30753 9079
2740 23853 16740
25928 7600 1838
21951 16221 24388
4923 32388 8330
25222 26971 24494
18611 9303 7490
24364 25303 19789
30840 5757 77
20465 28600 637
22862 14123 1943
25983 30388 14586
27750 3995 10497
24936 16728 330
28835 27070 27368
7216 15223 4084
22645 22072 7051
619 4399 8934
23336 13279 2103
1769 4624 11159
31746 2544 8196
9694 25855 31423
12425 6327 14201
14722 11244 28877
31934 31841 14724
6825 1921 16980
14135 11303 18301
26681 19007 16939
91 5156 27950
26256 26582 27382
7984 4705 28445
17457 6289 8268
15224 20490 10367
17235 4655 25536
8208 21957 15272
24621 28295 5229
8655 26267 21203
6665 11706 20440
18008 12030 10382
6541 1266 16713
9116 15819 22071
6329 11216 10471
31741 7003 19532
16776 27165 13878
9296 14078 11126
15929 5213 2517
6196 23922 18074
682 16722 24705
5750 2878 13661
30795 7055 7625
635 17395 23507
16017 6573 14086
26852 13242 30545
12277 27841 28512
13547 21193 27044
24547 26660 31762
12582 6786 29459
24608 22185 5164
10684 10870 8439
23698 28886 12668
16167 3969 14802
4724 17601 28783
24 18863 12578
25684 11156 6913
1569 15803 31857
24178 12786 3864
25636 1334 20555
30556 28589 27360
1734 7367 10009
18130 135 18941
1612 20984 19742
24925 29437 29878
9902 6798 21506
4382 25423 15962
11726 15719 5554
21696 26680 666
8452 31044 8574
29583 17428 18826
12937 12312 24503
8739 18546 10364
31852 7591 14150
13607 21308 2564
27142 22175 24036
18453 5106 12730
12854 18807 1799
7183 11453 8344
21447 19626 11936
22288 5688 1284
29384 32309 5167
17970 15941 11753
4302 26204 28654
26039 31052 6769
13128 1055 20212
18457 23210 18477
29297 13291 9374
4433 13384 24545
28809 20842 20134
11784 9871 25892
11356 7036 22193
18052 8488 10132
21304 19905 30518
15194 19031 29782
30182 9534 8972
20053 17872 32011
8519 11774 22022
1049 5454 9616
9880 21957 6752
23391 7262 31774
10392 25639 16881
15585 32277 6048
6651 12968 9048
4946 26289 1630
3821 24491 2717
23798 11342 27471
26273 19804 18948
20655 22841 29356
13071 6621 17152
28323 30600 30367
13430 28755 10373
6338 10496 4890
2877 10928 29488
10708 1901 5189
15943 19024 21754
479 18680 11521
11479 25012 15727
13558 297 19305
19090 13324 169
1504 25223 16227
26954 8017 17014
10254 28189 19356
10128 27663 13425
31965 21840 13186
11326 27201 20736
11800 18372 31001
30336 25799 22127
15405 19011 21440
1790 32083 11418
24738 21732 1344
21045 237 25838
5533 9702 9401
5415 18782 30633
14760 17401 20303
7394 23065 4756
13039 26085 31902
9876 10114 3259
14257 11997 2402
292 28066 12234
2454 13784 29908
23176 14245 21266
4137 29628 23980
29263 19387 3436
25263 18259 4557
6172 10029 23150
3073 3895 4087
14333 9419 17585
13122 14643 15653
4075 23546 18970
27268 25559 22361
20692 20747 4188
16569 6695 28159
13052 16294 28473
26236 6836 27704
14487 11878 8995
19871 21116 7073
19183 9984 30289
14725 2405 1664
23920 28812 10079
19102 301 22094
8043 4549 7191
14768 18729 18465
20603 16216 21493
18355 6186 8804
21702 16032 24956
27995 27478 20431
32149 16227 17028
8626 17383 29109
28662 20324 3832
12623 30466 28661
30310 24808 29391
10242 27176 22313
11191 31112 4886
19738 7152 17913
7340 4315 10092
13968 19467 20628
2813 32482 2112
4526 18109 11703
14281 10308 1965
23 5973 17108
21660 27304 28108
24123 587 19767
16783 13792 13006
1172 29441 1071
25653 20131 24646
10057 21100 13488
30283 32249 12384
28675 21254 4331
31843 31924 23807
23576 29650 20161
29711 19589 27125
23902 8039 17965
1574 30860 23765
17979 11574 7405
30019 30077 6668
14807 31361 16150
27023 7591 21060
16243 7623 31832
29294 8064 23614
17492 12943 12315
27565 13705 22188
22985 13524 28352
14144 13479 19114
25898 10881 23716
15798 31292 4836
21998 16061 9149
14051 5546 21661
23070 17918 744
10617 16649 12032
982 13078 15932
11139 27443 14981
29336 9398 23047
1795 18805 21854
27026 12317 4665
19739 12674 23320
22569 14573 32361
26511 27775 5366
19565 20318 22204
11138 23106 15807
7999 1348 26709
8627 10263 12002
30794 16292 2070
30645 8361 1608
7206 3530 18644
10952 17120 6956
24893 20514 30299
18533 27605 15820
14402 18498 26824
27034 1066 20695
31591 22753 15394
9667 23397 7389
17291 6069 26183
28240 15402 7471
25878 11372 6523
26762 23127 17139
32328 7995 27709
15261 6267 5716
16156 32442 28465
14414 21537 1816
22287 30725 16449
3367 217 29956
20335 27995 22080
13571 26642 19922
6396 5806 17078
18231 30747 25000
18945 5350 3993
