880
18649 18263 1243
17860 26971 5009
15916 18970 11458
13407 1533 12854
31486 26174 2535
3105 9602 549
5910 10279 21496
1897 3229 4573
10547 31966 18444
6755 13413 27967
16453 22503 658
719 17035 15978
25668 1601 1500
13767 15233 17621
2177 20721 26106
8645 27619 2684
6021 22239 17056
10847 14541 10355
1246 14584 7752
4207 7904 9040
11114 9417 19927
29857 13849 15645
16122 18709 15968
7064 9432 24017
20071 7444 14061
25138 5795 13444
20340 28246 6730
13715 7037 17119
10 12936 4415
13811 23290 29037
8367 29063 32721
15472 21074 26334
14934 4489 18511
6988 30487 30045
21960 12864 13662
28003 8298 22658
21857 25925 67
29880 5817 905
4564 16687 23317
12656 11880 13016
304 23070 16036
20881 27648 9468
7006 26022 2609
12123 28851 7832
29137 2394 22355
5917 25677 31241
6176 23143 20124
20174 19960 20137
6586 14856 22990
10456 24408 1267
23808 19887 22226
6348 11748 17397
3681 9013 31396
7170 17554 23002
3661 28800 30198
8533 27682 25711
29467 6991 13622
17003 4796 24552
3130 8498 21557
26201 27539 12641
1593 24792 8624
6270 17863 4029
26522 32059 26970
20450 17868 10489
11361 26703 15174
25228 12014 23319
23261 26174 7602
15741 21205 7958
5673 23387 4785
1370 6930 10693
842 18002 11554
19689 1311 6479
23545 13625 10476
26092 25429 6093
22142 8084 10374
17922 21957 31300
11298 10344 28203
23698 17401 24795
4132 13039 12619
22511 15622 2089
26425 14738 8476
1844 5498 9452
5109 18985 19279
5002 29442 6799
18105 15292 2657
1754 17385 29243
32755 28977 24824
20239 29876 31604
27096 6576 20556
29822 8331 16492
27361 10919 21906
24328 2352 18317
25769 6314 24284
6421 27057 18679
2821 27564 16878
20600 17181 22995
11634 66 8183
13530 9433 26838
16673 27371 14135
4166 14964 3659
1103 21401 32745
25053 9990 30577
17327 3816 9239
11243 31354 26649
12551 1991 31261
24012 26460 16073
26203 1927 14346
5982 24570 26311
13102 25475 10778
18176 30718 227
14789 24287 24832
9279 25543 5842
16507 29715 7360
6346 16684 13943
32631 3392 16185
5699 3441 10614
11627 17270 24003
29439 23191 29401
11812 23681 11101
223 2630 8122
7189 15312 32103
30913 7943 6438
547 9870 10970
23096 9356 21693
3408 25621 2684
21135 22064 20147
22058 15154 28291
28489 5884 29506
12290 25081 15516
8079 4304 22194
16462 31009 14181
9557 30849 8825
2762 27926 19107
25114 4876 17190
12090 26184 15851
13455 15409 30224
23506 8031 10607
13192 26892 9992
943 21336 30516
18439 395 28025
19181 20164 11993
19261 468 13753
25147 22160 21683
11991 12530 3709
18936 23589 21747
9460 27749 31659
14653 10698 23048
2702 8297 26369
16238 9084 6531
21066 4884 7242
14104 14280 9502
9948 15504 535
22347 31046 13758
17293 4393 16688
11446 25791 17541
26239 29151 7239
5670 24882 10825
5061 32443 9865
6208 24100 30737
29037 21025 8991
2697 27148 23404
9219 20170 28868
21531 32182 14259
4162 12850 19448
14483 23275 14744
4585 7069 14202
9765 3019 7318
24811 15356 19978
7121 7577 12827
21881 32093 29091
11056 27871 2173
20627 12462 2994
23384 4674 25633
4642 18162 12022
23231 1626 10075
1742 22335 14082
3111 14432 21998
26376 17693 19104
7935 26272 10036
11780 21282 15753
7611 22757 9817
19090 23511 809
15623 31838 16946
17695 24394 1892
19698 7594 30347
15673 7656 9122
2388 26898 30474
26231 10593 21893
14628 16919 2041
24463 15050 10770
9343 15067 2961
12284 18756 19265
30591 18708 19103
14222 24255 5922
15424 6531 13721
14502 4289 28448
16546 25646 22398
12578 24880 21256
3239 13002 1553
16153 12179 12000
5245 30733 4951
9720 23880 21425
7576 29172 29276
32156 26525 13002
28775 27157 30120
30855 4305 28721
30855 20116 6129
20284 19814 3128
29568 9050 12263
3679 7502 3438
21109 16026 5683
4667 20693 2918
3401 29898 12541
13745 1880 4107
26154 6042 6802
29630 2605 18553
4737 18580 16645
16927 4157 16274
31411 27487 31458
4279 1866 11213
21569 19678 12614
27845 17878 1766
21022 11183 31227
6159 5405 386
5466 935 23661
17287 25768 15847
31861 8544 4753
23064 16741 25672
31214 25593 29454
13212 26686 26725
19192 667 25684
28977 4270 2922
19789 30804 20573
31578 26053 5706
24477 13422 8011
28602 9359 18456
14865 9814 21288
3908 3304 20738
5324 919 2412
16185 19999 15865
20604 2989 30488
15953 27374 16942
14679 24719 31360
7373 18616 8944
30481 7233 10792
8573 19473 32650
23735 27350 27190
24276 6383 4653
8560 28061 6756
8853 22304 10266
10125 22397 27781
28631 19410 15991
26998 23455 30694
9791 16215 16027
31831 32504 14406
10941 4708 4024
26261 29280 26382
9543 10365 27944
23666 7716 5136
1072 30037 30665
24432 18788 7937
16688 6463 7723
19792 5782 17750
11594 7430 2687
12730 15365 28771
8186 6091 5766
14841 14886 23999
7043 27068 9461
3151 11036 12376
6960 19632 32002
3271 28092 709
8670 22562 12315
22419 13297 17335
3637 18421 31479
32093 12121 2961
1874 28164 19071
26634 2148 18064
20432 17528 25149
20200 19304 4373
18038 11081 25946
22328 21596 3041
8948 1416 1106
31385 19781 19561
25200 15154 8413
7867 23664 29075
10964 10948 9931
609 30478 24426
32031 25041 29628
20902 16852 17594
11814 5685 16639
26607 19625 25489
6790 25035 27131
4127 6022 12813
13751 16554 28401
998 32277 23312
15740 22097 1784
4411 13496 32419
21039 6227 17790
14691 15604 24626
18833 15707 5817
24345 28799 1263
5413 17825 29640
16814 18777 12020
22082 11815 31351
8508 12988 12798
2405 29276 24034
3135 16846 25823
24417 30705 15466
4397 1611 32495
13952 28421 7356
28403 681 4903
32446 9460 30422
30033 6250 8882
31636 21101 3920
8847 8335 32521
6937 7584 23125
15879 20843 30724
19805 28566 26893
18292 19016 11361
14412 26652 24422
8454 29341 21417
9084 15817 27011
28324 7621 3722
21683 16382 28470
20212 25975 18156
8454 3832 10576
25333 15470 31609
32735 584 4014
8009 10245 2644
17488 12373 10314
11923 10928 15644
5755 10662 24252
20070 663 3239
10745 20786 2285
6331 18119 23792
20350 22246 26853
10736 29352 25124
12087 19483 9478
6069 25287 1505
1682 8632 9995
18290 30476 4091
32614 11825 26528
29458 19952 6245
28611 11686 12154
8498 10590 28688
22733 6345 6190
4646 22835 19675
8298 16213 26169
13651 20647 10481
5298 22852 762
13000 8959 32
6492 19965 14478
812 22866 30228
16033 21296 10957
1097 13905 1651
15950 19750 12242
742 24143 15444
18168 6304 28639
25266 18682 8330
26252 10916 26487
29532 12165 9902
7350 19656 22528
11841 9522 28404
29402 15572 12886
6702 381 18231
14981 11484 25607
31524 2653 32689
5289 7448 31549
21031 12876 30816
29444 23337 7803
5495 4380 21007
12925 10895 11448
976 20417 31342
2137 18547 20352
5499 24215 27847
5533 12569 11294
25684 19152 2355
23287 22417 515
24 13065 25176
19708 28810 13279
5782 1085 26129
15275 5959 17960
12182 8075 24482
29031 44 6412
2704 7819 4657
11501 11875 23795
150 28453 8389
14064 19067 18470
14062 16678 13567
8036 22043 14646
32598 3857 26683
30618 7452 1323
2283 14544 27368
30137 32420 442
4389 594 21555
9029 2333 15070
9834 8521 30807
23457 31254 176
22051 11381 11825
16603 3955 25942
24152 1089 7404
15396 18815 11353
16189 32677 4323
27835 21936 25546
25408 6530 766
25395 26692 13556
5224 23028 68
101 24323 15770
11311 5208 1876
5737 12736 17384
26396 7656 20471
20326 1397 9888
6089 10820 21790
12576 15639 22577
11540 21060 29661
9606 12130 20151
11692 16097 4665
4023 19290 27663
32579 21784 5880
29232 32053 18572
6660 24853 6052
22049 9184 20461
14617 28171 5251
19745 27495 5028
16239 1404 29244
23985 31458 26255
29687 19431 12113
16468 9401 5550
31506 10769 10175
22052 15961 11903
6895 14693 9061
812 176 3850
30459 20254 31743
26095 25876 17593
4800 5434 28115
4835 27217 22168
9913 29029 12901
21962 7196 19604
12816 22881 26325
21554 11038 26821
19002 29071 1961
4988 28236 26867
1515 15785 2609
10816 22096 5587
4836 5332 24527
6120 16939 12973
7803 16770 2505
11984 20565 23400
18165 2795 25701
31832 18956 22585
24585 10500 1667
30630 11916 13658
32543 9524 3834
19208 17000 21149
5171 14656 2907
5434 27455 29112
23135 11043 23521
22262 6778 23448
14191 16330 9925
13983 10720 21532
17437 30703 8487
9959 25372 4365
16064 12678 15943
7861 1928 5167
10377 19835 17873
16317 8161 29106
20918 27826 30807
22157 13228 892
13108 2180 21850
23031 22130 7929
13483 27188 22642
18716 19745 26233
29677 8716 11116
20104 30765 4159
24379 27172 27005
13347 16210 19666
1502 10757 13276
18141 507 9011
31491 26524 4703
6749 7103 29943
5350 10049 31467
31784 28273 13704
18078 24511 28894
8938 11192 1769
23864 2201 2491
4593 22058 13277
6365 14343 22202
4603 13915 12865
308 4956 19215
22495 23139 18923
69 20435 17671
18111 14027 31617
20868 31482 29767
32451 13784 8177
15053 2352 463
27277 32433 17566
25466 3569 11930
3301 4061 20828
472 21734 9192
15697 248 23756
4521 9206 31893
7570 28095 2235
26225 3526 12562
11067 16580 9100
17089 14695 6099
14309 24156 27873
14789 12081 10836
6054 8370 2803
4783 25584 17150
18645 15360 19291
15845 13036 8855
2374 3670 1340
14837 3196 19461
3199 8323 11284
6844 8738 15235
9109 17905 10641
20294 6750 15006
29364 26527 14917
21325 9657 9369
6527 10866 7189
16229 31680 26366
19141 23446 11938
14129 8666 30865
1355 28080 1332
5950 14154 29911
17038 26628 9923
3152 10427 5365
20940 1253 9262
31813 29462 28306
1216 28417 5584
27871 20654 18429
8392 9581 18657
28431 7380 31950
627 7290 14960
5529 14702 28845
23208 17854 16599
13358 7993 30232
13291 21457 17907
8257 19624 27949
21345 24234 911
32592 20652 17131
23721 5042 8381
26199 1480 29544
12450 26836 10767
15514 1843 20970
7860 27703 30709
2073 19717 12263
32062 21104 32169
5186 32154 6235
26921 25407 110
21437 12719 18159
5595 26942 10765
1131 30181 23271
3584 25355 6869
2284 4022 5080
23259 29896 24207
11588 17656 14991
2849 3865 17691
13440 27774 17072
21387 31962 27321
11107 13188 16882
21158 6980 1317
8321 5858 8208
11914 30786 8723
7262 24629 28349
7793 284 14514
5213 22150 15164
19322 24521 4913
10667 3865 29553
6897 12163 30348
24935 13920 13953
14829 24945 24062
13753 4690 11612
30000 4232 27890
30611 13961 25035
22921 12272 13639
1870 14334 2769
6177 392 26947
32367 28992 31621
1918 10859 22411
3875 26982 23978
9511 6529 29935
11875 32574 13237
1321 22646 2816
9149 26469 22016
29672 22968 13211
26156 10049 19799
1032 30284 26856
20366 20507 8488
9555 9359 28306
14485 9426 31224
737 3402 1045
3403 22995 26864
5615 5792 31091
28280 4697 19350
26669 21681 14010
3727 28465 12058
15206 7709 23576
14581 16996 22711
1482 22172 9076
26801 6303 16664
14672 27755 28100
4080 5171 28360
29153 5439 13720
17377 24312 16393
14660 7675 19857
30927 3974 28343
24852 11361 11454
26761 4982 30964
21020 13419 25623
12660 21418 12243
28139 11036 32653
18146 10457 2371
2696 16094 23136
31609 9665 1250
31104 8658 8648
21716 2520 2946
17109 19608 12812
938 10833 16259
4457 8306 31128
24083 6348 18520
4606 1501 27327
8648 5648 19910
1766 8428 4124
8822 17562 10181
25075 1802 24787
27771 25069 19977
9035 6641 18734
24218 24288 24221
22312 23028 20794
23959 20065 13589
9647 13807 11894
6839 8035 5188
20321 10624 11956
658 16887 25209
30165 27212 6580
23489 184 31915
955 2947 13362
30021 20249 16165
14426 27361 19018
4802 25138 8842
6654 31963 24713
6370 27933 16969
12319 13753 12808
26230 6923 24030
12578 27597 18266
22325 12431 30831
6393 13066 1339
13096 27349 12965
13598 27809 25408
23071 3775 26839
26519 9588 23031
23755 29473 5080
1528 29820 21819
32079 30861 29970
6834 26232 25252
20316 9841 18089
15881 13948 15708
29761 22644 3809
2427 11066 4038
18806 22619 25086
9104 32537 6321
24700 16341 24655
23361 19834 9489
19766 23294 9773
4473 10683 20595
21511 20357 16908
5217 21712 3500
21329 21930 10488
25454 3223 26221
31788 10136 7180
25715 15399 31684
7282 16586 4555
12575 30414 27311
28784 27247 3168
8626 12156 8020
15576 13076 25139
25805 7367 9844
25041 7935 28756
7594 15830 50
15920 27636 1698
31005 3788 10320
9793 32355 11209
16168 15240 18269
29616 18228 11105
27162 5603 7581
23651 30884 19155
3422 20646 901
23668 1520 4565
9610 4846 9510
9092 31943 22934
6230 28612 13531
12316 6329 25077
1654 15365 1812
9180 20504 3676
27288 12534 11291
29093 22279 13323
10227 21523 32281
25349 181 8699
28702 19715 2262
9351 20452 20138
6965 14511 32219
8379 16220 29285
32375 13547 25347
16 8150 21743
19670 25148 8867
14294 11385 19344
27194 411 27592
15616 30733 24827
9571 12868 13894
16260 25706 29320
21934 14319 4485
22885 17101 18095
12584 11280 30291
26826 22293 20177
9398 7400 29474
28343 4381 31401
23356 29579 1917
21564 13996 19970
16897 5678 11929
30262 15792 22911
1998 11863 16970
23547 2494 23966
8562 21191 22213
6019 28946 19259
6577 9008 17660
3567 11393 5941
11213 14361 7277
23933 29463 32534
12070 13185 30399
21062 19806 31419
32675 20253 30347
27998 30080 15223
8680 2884 26644
31276 12477 21288
13183 11749 21985
7189 17391 32302
5757 8990 15484
13004 18450 8528
1361 6480 12222
32229 1293 26860
9915 28858 2409
6278 26664 10500
8986 23307 27660
19518 30969 13830
29592 24934 22113
26225 10924 31848
30936 1994 669
15835 24818 12650
10806 31467 10867
32275 18172 8598
12212 12744 21430
11548 31816 29153
18477 16048 21214
17246 28209 11892
19049 17276 2012
10404 18047 20102
11035 11025 20223
2286 30313 30418
2807 32412 734
18998 25285 19590
14185 30461 3452
2177 24922 10439
3465 23382 13859
28620 24726 281
8799 25550 26286
9142 2579 29516
17570 17357 24116
13049 17836 9152
11114 16748 83
26890 1556 4889
17038 26578 30604
14976 2348 19647
20652 164 1651
6415 1425 25023
31752 9443 30366
16948 27663 7133
19140 28613 26002
10221 16129 17158
28711 15976 3879
29969 23245 17243
23519 32124 29208
30494 12781 3208
24974 25132 5814
30107 17488 13105
15871 7665 10493
17253 19703 17294
3283 13593 20088
12407 4631 24719
15498 11809 30135
783 17193 19754
2095 25655 8264
21831 11689 26003
17685 29054 10600
12398 7295 27797
14438 30183 6901
4554 16188 30023
31601 1476 3907
15505 19894 11210
1785 22363 14806
27443 4518 24541
7414 26909 19007
9800 25429 2658
17802 25177 17291
20936 18307 9005
16143 28280 26623
29015 3068 3762
27279 22320 19477
19134 19879 17262
13574 15398 21759
31224 3565 5410
4922 1785 9752
19540 14022 26675
10512 12469 7683
24727 29655 31184
30375 10770 20335
10286 27745 31145
13467 18961 10940
2504 31978 30821
13895 7895 9456
8179 24819 14863
983 27352 23996
28300 7191 24117
14219 3235 27009
41 12123 6005
20610 6652 17819
14532 4774 27293
29396 9990 27739
23887 21388 12728
16376 6303 19306
26613 29181 31129
25499 3399 23196
20283 26739 20669
28793 27178 2648
31294 4271 21668
1500 540 2067
18102 5929 18156
16828 10927 15522
21910 16067 17876
3271 30632 15175
22869 9049 31728
9396 20352 27071
27977 17733 18741
16041 11189 18632
8090 16627 7084
32418 11791 16844
24500 32018 30821
8727 20530 2490
330 7953 9600
27483 25864 21045
2111 2272 3184
26717 31727 31134
3088 21545 22461
27354 941 32676
16795 32395 4589
16677 24470 1890
12371 6004 13156
17928 2928 28974
21565 2983 11096
875 31469 26027
84 29597 5158
14026 10198 22716
19738 24897 32178
22432 20041 26209
19850 24238 6296
8011 14474 17590
14500 29432 9046
20252 17493 11644
16449 25398 22198
23691 2496 26358
32260 21820 16670
5321 20485 18189
17777 18110 6298
39 22220 31979
22168 18148 6582
8973 31444 27791
28379 22894 7549
32107 29442 17676
7599 12790 15167
10999 24388 1390
