723
27014 12751 25852
14280 2328 19451
25353 12846 11653
20506 32187 31532
23694 9526 22275
26561 9927 10978
23606 19391 32075
2081 26976 24527
4013 24963 14044
18613 17970 14993
17697 9173 11325
1643 15071 15606
24330 11184 26955
20807 21663 32670
27318 927 3840
31867 3941 26121
4003 14131 3229
15488 7971 22594
8701 23799 15672
7124 10513 20637
19687 7467 17187
6750 20726 28994
6484 18093 19619
21680 25324 10369
7318 28878 9711
26525 23571 31772
26097 17429 10868
14817 13610 13070
25815 7442 23501
14533 10260 4725
2454 9171 12018
13830 17826 3503
24730 30618 4228
17524 9035 29378
27797 484 18256
32242 16523 5037
7727 13539 18510
22764 4644 565
2055 14576 20941
27737 30073 30528
25639 10670 19348
2271 14521 16362
15431 20174 2063
12988 29847 22995
6250 1456 9966
7033 15030 5458
4021 10328 5052
2966 10276 28566
1433 29559 31577
2990 19823 12255
20904 4208 10586
22983 9779 31306
6822 18847 6842
8901 6207 20464
23988 24146 17768
24896 13982 10055
176 14646 11411
31269 24354 14590
31517 18204 26557
1263 18763 7377
8996 9579 22275
28766 21398 12039
5274 9882 26911
13804 22690 17052
1552 4222 10243
23930 10158 11579
17486 19286 18215
32741 29773 4508
1738 18915 15071
4741 16246 16869
28674 4576 595
24263 28722 30481
25281 18872 22002
28762 7310 15259
29096 23385 27244
18861 29613 5842
8354 25960 31909
8623 24577 5032
2060 11077 29978
7949 25874 30937
14254 18848 12713
17507 32358 16825
3036 30865 31428
24096 28002 28175
4442 25970 25971
3590 570 25798
9434 32227 30125
22929 4172 14425
16680 12999 19704
14249 30843 27971
31583 5409 8012
20329 5222 16866
3780 2058 7337
15591 25480 13447
8723 27203 2027
4666 14252 28586
11874 24337 25521
14899 20536 11644
13290 4444 1154
12170 27704 23375
17238 15695 878
30308 26936 6792
25185 19430 3797
16258 6467 26
2292 10551 32556
25469 9385 29882
28666 2382 29643
18902 7259 10060
15785 22770 8232
8897 26617 28728
21237 28351 27665
27639 1766 8106
11354 1605 10692
22518 15873 18920
31823 29234 31471
11383 21462 3142
28668 5052 6662
22521 31583 19037
32512 21686 12137
10171 4526 22159
19828 28443 12886
32386 27926 10756
4975 2043 9114
487 15540 3995
16304 23814 17528
14136 28003 17038
13113 19237 22092
18950 17783 19635
4613 6637 32710
1527 31457 14751
18723 2766 15066
14969 32644 19231
9419 31805 15027
6752 11744 4280
12635 20572 6986
674 29795 26419
14391 965 29820
15010 10241 18018
1526 19588 10405
1488 22232 12953
22904 614 2863
4487 23061 29851
29606 18718 21914
15212 4695 13792
19988 18942 25057
11201 15415 6277
4795 3627 22355
7268 13000 10565
6531 2966 29483
12405 21544 28492
92 1572 26773
18903 8315 12481
30988 21449 3045
8456 9706 5207
13318 11652 11038
22786 27758 26450
29151 20599 10790
11305 27295 19635
19780 6551 17210
28778 10429 17805
19828 19370 15483
24606 10658 11196
21935 8836 2471
8779 2409 12132
8226 1991 15718
18515 4070 32012
13096 31896 28587
12351 18764 13619
13827 26873 26393
16927 8591 8104
18005 19669 29042
9266 3932 21521
518 6107 31603
5336 8654 15976
29017 1210 12972
27268 20511 16725
27476 2404 23610
6426 19713 4519
727 4436 8551
22912 26478 3429
5352 6166 28570
31571 16650 5675
16680 10628 15145
20988 26221 10694
31593 6761 3293
26003 12271 25942
4570 18322 20561
25937 20938 7776
1354 8821 28012
7313 14515 6798
31084 6642 25006
11390 19509 31249
24869 21215 24070
23552 627 29161
28488 30549 29792
15510 26911 19061
20051 29957 11327
32275 30147 3100
16897 8691 30703
25714 9141 9972
11215 15468 3130
14925 12362 934
1997 26135 6825
8084 13855 6924
26956 25449 29354
1934 3739 16183
22340 24555 10304
27224 19701 31711
13972 3342 7942
27994 26710 11622
17498 29828 20131
25442 21250 29950
3362 6230 21003
20587 23168 21907
23962 18992 25884
26179 20796 22647
28675 20628 27767
1658 15390 27161
9637 19454 4522
2925 7938 32285
32233 10009 29187
15689 6423 18359
17641 1166 26784
14680 24215 15895
12688 25124 11424
244 20299 3648
28581 23579 25214
13045 478 21164
27733 27918 27638
28025 10735 16001
15388 1477 17423
20306 21335 11596
10004 13749 7449
22404 5931 2419
25880 10275 21699
18062 16217 2785
25921 17192 13965
30847 21493 15521
13473 3336 32589
16384 22929 21335
17993 29076 13437
27097 10799 30683
4862 25748 14464
3490 23226 4200
20778 32622 8502
31637 7423 6171
30188 26494 18534
16579 4766 1965
22097 22497 26089
12822 8047 950
11293 25760 20898
1004 2636 17377
947 18042 24481
30505 12613 17351
16627 1475 13063
26130 21146 6519
1838 17 29826
19027 32291 5848
29822 22444 8056
765 15070 29279
23329 11514 9539
31836 23265 26834
946 24934 2050
13560 27624 27924
6473 24684 22253
16924 15657 23591
15596 22224 13367
15289 9026 6889
28638 10545 20693
10884 2388 20541
7335 12906 9420
1170 2731 27028
5358 10126 10967
17391 21124 4380
28282 16988 7286
32729 26576 1019
21496 21621 10195
31913 26882 7259
11861 29895 27392
12180 8268 13886
4556 26088 14445
2751 21209 10055
9724 28496 22193
23400 19938 8452
25249 31920 8704
26377 2738 21077
707 15848 16348
5571 24312 18441
3703 1855 1506
10102 8434 13770
24458 9440 23239
32328 32599 18407
8110 1505 17630
17558 6930 13224
32507 25133 7105
28026 17697 16164
22503 7209 31470
5740 11581 15066
12803 27128 12670
30124 24082 13948
10011 7067 3896
5237 10799 26531
9870 27241 10677
25896 14587 5232
249 29589 5196
9459 17740 11588
6790 8884 7164
13726 26490 26638
11395 12931 29851
1919 767 29932
12045 22883 30434
5326 13310 5890
27115 1090 10041
9933 29525 24036
22520 32229 19278
29304 10234 15069
2730 22996 26838
24001 4825 2810
9103 16727 12822
16260 32360 14756
22498 9797 13562
31666 28081 10541
22147 12945 10211
19053 16001 26012
25333 23772 31616
5117 24825 7065
6192 10612 31555
25842 31418 12372
7270 7301 20052
25806 5727 30885
11028 3441 10511
16128 28673 15602
19695 13438 880
24873 5631 17516
28046 17245 17151
8921 313 24001
19682 28224 1812
10814 2688 5224
7898 20083 15499
32393 19186 18683
5572 18608 23108
1006 4974 2148
9292 28842 14851
26250 19308 4307
2599 4230 31111
4248 16858 17571
19147 22072 15857
32181 23246 10949
4039 509 10205
24617 6960 22860
16529 6246 20654
28267 28578 4642
22504 24507 23040
7778 15959 17177
17184 9110 32323
24836 27540 20950
29166 11010 15839
27755 1807 28991
15751 19601 18049
7032 27756 379
1085 26903 6743
12696 19334 31904
21206 8469 23395
13899 23880 419
18258 8691 820
28538 4155 31790
4319 16285 18851
4798 17437 864
7970 1064 7527
25896 19991 8866
18222 17011 26522
32306 1903 10008
28338 23061 28552
3535 9928 4446
15946 2547 9820
11999 10319 16007
503 15436 31373
18040 9057 3230
19244 29217 8467
1462 11413 32276
10735 11587 5836
10008 22831 31973
31487 16238 1692
16787 13663 10585
26368 2618 20782
23261 4317 27046
21273 20166 14687
4006 32201 1772
15760 32107 17589
950 19403 22834
24890 21725 16755
9507 15853 10098
4324 23928 11312
29987 17322 16865
6147 14522 27890
20007 11805 19430
8253 9744 10300
21054 16476 30852
13241 21891 15000
7661 9823 30501
561 30180 30077
23305 24586 18441
9018 12170 27298
11314 5673 30398
14918 15817 3869
29946 11653 7791
12607 26776 20965
3045 20573 28407
17620 3373 31109
15044 8417 31468
27091 32632 19244
26387 26503 13858
13595 10174 12634
8039 26191 2397
30739 9927 25303
27665 5717 2850
16803 20569 31419
28794 1851 5869
30759 16122 6321
30698 28758 29495
23251 30000 3256
17335 20902 19464
31103 16304 21520
10763 22262 19217
10197 10559 21781
7110 6597 22402
11602 7224 26163
19756 28345 22292
1448 5872 20543
20558 12761 30467
32084 28517 14039
16768 4279 24296
25734 22540 12686
1337 13392 2230
1718 31377 30490
21536 29784 8260
8055 24292 22461
15687 31772 4657
13667 17391 30357
12213 3408 9467
10806 23744 18854
21461 26451 26790
31608 24597 30388
21093 23004 18503
12611 20871 14145
27118 16392 26186
24835 13001 6231
13567 7485 30548
2120 12464 15071
4754 26472 22789
26624 13066 16302
3944 17013 30991
689 18280 22178
19013 7959 5723
144 32353 2641
26184 25408 18736
4742 20484 27199
1499 3276 24730
2427 18281 13214
19952 12117 21125
18827 24232 7415
25730 21547 2373
6376 27548 855
3727 12253 5249
6297 4920 30675
20752 25314 31935
2394 15456 8827
5525 9012 4
26942 15487 11294
7821 19206 9019
1774 18257 29284
24678 27870 5995
28052 22685 16936
27651 18351 17123
6355 10704 16929
19522 21964 7642
16990 7861 11320
23429 18385 20294
25353 15307 32277
30580 6351 25033
16232 32215 31185
26749 7005 20999
7261 7630 13777
8121 30556 28364
4639 15659 10025
26938 7832 22723
29860 30282 5165
10739 21122 12967
32367 10591 17639
1976 32698 5186
26422 27172 9644
16141 1064 24977
25052 31570 29723
15794 31433 5345
13741 7296 2321
10801 29834 9671
21732 25601 29314
8165 10167 20542
1759 16846 26173
25640 10229 26196
1683 27057 13050
1190 14011 23589
26136 4630 18251
30736 16577 12575
11878 605 15939
20902 14060 2747
7836 9856 12270
11589 12687 5173
12389 5985 22519
32003 17187 21480
12124 3622 3849
8840 7108 29271
20347 24167 9163
3475 12561 14345
21238 9757 26255
18036 5701 7878
2584 13202 18183
9836 7838 2006
22514 193 17821
22818 22643 19533
32009 24809 16963
27063 31109 15761
17723 26688 28885
25371 1385 7056
26774 32517 32611
16053 23852 21359
1755 18537 21757
19838 4980 21651
13277 23294 20436
18193 25288 17227
7931 2997 8151
1905 3027 6029
2669 3474 22280
3944 16305 7048
5913 14229 6978
25804 7856 4334
28710 12182 7471
18198 19971 21830
11659 21502 9873
8707 18269 31918
26447 22434 17974
2882 23413 22473
31539 27186 27178
14676 31954 1239
1272 19703 10500
4395 23165 21797
3460 9937 8547
30001 10854 18261
3986 7092 17139
15284 20899 27694
12468 27423 5784
27632 27853 3836
971 30265 17293
26670 9509 15263
26178 22934 11664
20656 20306 3033
7087 4058 11399
32356 5836 21128
17323 10670 6162
17806 1365 5821
13308 23751 16898
4076 6157 10748
13671 20203 4290
6920 23558 19463
11205 25402 18176
4780 19043 5115
25130 16168 14400
10417 24674 2481
6729 2531 16932
682 18923 19357
10840 25634 28802
11030 30062 7326
30485 3984 18093
30488 7744 4736
32712 1095 21105
21231 22195 10529
4184 6176 32180
30367 28056 1907
4541 11968 6595
29065 17145 6864
27525 31401 27557
5866 19999 8802
2337 30396 8983
28274 19271 10122
27694 15591 11771
13173 20883 388
20739 2558 22614
29286 538 12742
23839 26600 11583
18327 10016 29635
10067 28328 10056
29562 1763 5661
14266 8693 32579
14286 28541 27755
29148 29769 24181
3718 10694 12314
17810 14786 30106
5706 8007 19479
4993 9253 3134
22999 9105 8768
30794 3801 5210
11963 2973 10967
15803 15556 15419
7445 7675 11612
5038 835 27924
25950 31995 4005
31314 1213 11990
6769 2077 8973
1554 25209 6675
13637 25691 16649
26971 195 26407
21779 29493 16272
2794 27017 21973
23014 3721 6923
28529 22767 11026
194 29593 30416
29610 23692 27335
28646 29127 5721
20535 31055 20895
1749 16888 173
13024 21831 30532
6438 29089 27832
28941 14768 31640
19545 6360 12427
1422 14111 16846
28686 13585 1712
16400 6311 4713
9602 2636 25630
22221 29761 6542
22041 27350 7794
31576 21989 10547
8791 18932 5491
14751 4114 32521
27041 6160 17420
21613 30651 7217
8344 10042 23618
5395 2772 4388
12012 19743 11984
11273 2027 2640
20211 13258 27250
24223 8858 31322
14454 23742 2049
25108 5042 1288
3431 21074 20461
32441 5485 23099
23167 29018 6848
30172 15122 4736
22263 10619 4518
15286 20671 26407
13784 7352 5429
29332 23395 24034
8339 14118 24551
18151 14863 17484
9705 15814 18176
25615 8475 12794
22851 32747 30686
18417 31965 18397
24070 22720 2273
20413 3293 6677
30613 5838 31850
621 2512 11668
16883 15751 14758
28133 14272 17688
16455 31043 21026
29120 13093 29033
17844 6205 31829
7972 25313 1759
12856 31588 19110
30523 4698 20115
24729 18468 9114
23077 7723 5079
17292 16497 11050
30326 8987 7871
24458 6328 30323
3490 4708 21214
23582 31624 23103
31721 16236 5519
8847 14602 14873
12954 14971 24922
14634 29861 16611
18891 26904 5205
4514 3422 11568
2771 6160 9623
9786 3547 10955
26415 3161 4624
21688 14088 24626
18323 12100 2918
14160 17619 12784
3419 10183 21415
6924 28291 5912
5274 21954 18162
28757 27781 343
3947 1414 28772
32174 3026 8266
17250 8462 14820
1474 6966 31524
6182 29098 24242
18764 22811 19657
4761 12 22202
8844 2226 3553
23071 6638 1306
15167 2945 30106
19934 19411 7780
24404 22729 17675
3600 661 2939
32216 32321 14965
16827 23475 5152
22222 3599 24798
23410 15519 26761
28652 3088 26030
16355 26755 17303
882 8399 353
1888 18735 26504
925 8883 8547
12205 19247 13623
21089 30287 12467
1453 22076 8777
16490 27870 27110
26319 25218 27858
6041 13386 22679
18499 16502 11107
13433 11857 26989
18014 11312 20088
