908
8737 562 353
682 871 529
318 284 364
19861 886 304
17602 179 586
10934 634 314
202 420 366
19992 150 52
29538 302 228
19233 90 777
2403 922 205
1051 776 646
2019 121 959
23041 906 294
31212 894 871
25649 418 189
30084 354 484
20430 429 138
31778 903 167
21763 447 755
31274 206 552
1116 174 76
1543 490 645
6383 441 980
19184 146 860
3094 668 990
21645 932 822
28126 538 206
2029 333 587
4476 695 175
19334 476 703
32613 788 514
837 413 214
26335 350 242
26315 477 333
1823 190 857
10098 474 180
19546 658 630
10411 186 808
14153 882 122
2259 320 428
9747 207 768
12694 858 616
19359 628 172
28277 385 567
7859 721 791
27914 7 648
23669 973 440
24096 387 345
29218 949 471
32700 682 922
20504 848 633
30628 806 56
23687 561 120
25354 938 882
1638 755 550
11109 121 559
27007 46 511
22944 45 262
6827 394 255
6180 525 516
8092 908 174
10601 533 349
22462 928 559
7184 122 472
17440 701 656
18104 928 952
14940 846 730
25868 1000 983
13050 518 904
23735 961 310
7620 609 775
3138 529 816
1792 371 770
24335 827 155
28307 254 359
2279 391 878
3694 866 522
4312 223 467
32737 16 934
1616 712 432
18335 154 660
11458 643 458
24219 973 626
26933 361 36
25098 844 229
6788 318 775
16163 77 579
4164 354 146
32639 274 384
23940 434 538
24869 132 322
7144 614 584
12705 647 339
10440 658 355
1467 833 237
18779 494 585
28582 590 892
17436 28 852
21444 127 537
11497 743 619
78 126 902
11909 505 489
18048 171 689
22406 505 169
5153 38 920
10724 667 182
624 207 519
13203 794 429
3052 101 176
7150 422 193
11372 725 417
9452 322 649
10109 172 132
28747 114 369
7941 767 782
14388 312 215
6301 207 122
26636 440 174
6685 262 217
28004 222 766
13901 657 505
594 259 514
18627 361 997
27025 97 735
19525 95 695
27195 626 663
14675 776 610
7165 172 441
17066 839 749
5648 276 819
9166 576 224
8801 365 369
6670 474 224
941 210 657
6774 601 721
30841 423 997
30636 127 802
15920 323 601
174 77 220
16079 234 571
15844 33 576
6372 580 314
25615 395 807
9419 273 172
27892 523 829
19311 63 21
5070 141 173
16891 851 126
18424 914 48
23354 903 621
4684 446 257
27294 701 530
31267 195 913
32289 17 902
15614 120 362
19319 757 34
14399 981 258
25179 4 611
18047 844 688
22736 90 198
6754 202 548
1963 877 875
24307 9 989
23756 50 96
10738 97 71
5575 116 590
9886 978 368
12529 828 782
24539 719 983
23560 915 859
18116 427 590
28404 568 80
3853 583 307
26195 857 317
19650 211 898
9415 684 378
30524 190 144
21318 866 863
9069 744 591
22496 313 963
31699 772 622
22439 562 821
18090 190 132
25547 366 54
15160 583 401
6921 682 421
3406 257 55
32754 291 200
583 882 251
22975 618 997
9527 13 582
30890 88 522
22536 893 520
30725 376 893
7594 675 522
26497 127 321
7602 845 475
29292 664 455
7151 806 996
30407 328 508
32484 590 479
22406 972 254
5674 318 245
31834 636 317
11809 911 89
14034 278 316
12412 940 657
30646 276 682
10637 87 684
12521 540 423
6234 726 924
16188 555 805
998 438 293
5353 299 174
31277 405 680
26817 857 458
28100 143 744
14114 336 640
27945 285 206
14681 610 1
31508 379 123
27903 851 782
29042 147 579
10340 535 277
24786 752 114
23094 493 753
23660 861 606
16858 908 379
9990 876 299
31539 708 117
20322 638 383
29651 594 661
2817 908 755
6337 892 624
5210 552 593
4953 421 528
3543 793 705
4345 49 117
32054 6 924
9329 368 469
27423 284 970
8559 507 237
8462 978 781
12646 880 549
29673 808 108
7835 553 240
5069 355 151
15704 416 831
2560 193 863
17541 465 135
29706 291 734
7685 611 630
14176 907 993
3251 343 389
27432 927 609
18646 935 597
7674 853 994
13655 124 415
31664 591 976
24365 688 262
15270 127 472
26036 202 832
14830 217 247
1516 434 699
15976 840 491
7121 253 50
19146 432 67
21577 196 316
25831 549 539
20321 708 225
17639 650 715
26064 113 858
10026 318 577
30193 832 689
20481 657 96
23480 273 513
9108 626 644
21586 252 42
7811 425 896
22890 344 532
3106 678 198
18761 967 98
7527 795 815
18510 870 861
4066 905 278
32116 990 636
30290 225 7
28376 319 124
31926 890 39
9343 502 918
16367 626 930
9939 444 314
5450 382 57
15240 816 856
30859 871 646
16108 953 118
22355 644 118
28879 734 763
9970 998 121
21377 144 398
11785 274 809
8353 813 768
15752 535 918
10922 495 705
19686 349 458
4997 219 170
7082 893 526
24456 238 835
11935 412 149
27048 348 230
18758 654 978
26829 852 122
29795 238 868
24454 840 729
18617 589 953
18060 714 361
8530 892 226
22489 248 265
6888 191 213
25410 856 698
28224 561 578
22214 801 312
20897 925 555
29731 367 1000
12715 664 415
23110 552 69
19507 513 811
25769 855 844
6137 342 213
15313 726 469
31307 259 237
6490 666 616
10229 913 560
1873 182 642
16657 909 597
5593 561 138
20363 537 549
29509 549 921
24194 781 520
21039 422 771
29891 533 398
26164 585 450
26384 666 567
19290 138 968
18171 976 978
13652 30 771
14711 434 604
6934 616 143
19561 469 916
2171 293 717
1249 171 147
8939 777 429
26575 952 690
3909 838 723
15677 24 659
5751 634 671
21119 382 737
29574 896 47
6620 477 382
28924 907 847
18066 583 872
13554 959 486
31308 494 149
8748 146 161
21859 186 907
23050 654 830
19833 140 688
32307 959 22
9810 665 769
8777 340 959
22273 689 548
15621 225 999
6582 367 1000
9615 964 975
28374 438 238
5353 306 102
3107 854 543
3276 888 817
5914 361 16
15430 103 345
13789 244 796
20465 398 128
1078 324 297
24236 915 935
25243 544 600
9491 70 824
29500 891 610
20773 868 495
32127 185 352
3297 362 525
27262 686 871
4541 14 62
11605 711 102
10311 104 143
16494 719 155
24143 879 881
32012 357 863
17251 860 85
1208 485 303
28305 707 420
19569 214 718
16807 218 377
10142 490 876
7522 497 17
1330 368 698
22351 507 540
31634 833 207
3410 757 596
20497 598 100
15366 638 3
27929 371 765
5234 312 222
18023 137 379
17107 785 26
3294 466 327
31581 397 799
23516 816 51
840 359 366
18453 999 800
23431 374 833
31844 567 116
32750 485 240
27410 177 965
10436 375 162
6780 997 663
30186 705 616
18985 455 269
12827 449 441
10662 538 207
16884 922 248
11463 15 658
9675 114 436
16674 593 750
1657 286 50
22225 255 22
25758 299 441
25325 537 765
32526 31 275
19516 835 866
12397 259 27
8958 793 632
11544 375 241
10989 735 379
499 898 150
10943 916 9
18873 239 402
14034 998 846
4566 256 110
21706 874 700
10493 211 879
29761 323 877
24819 975 324
23781 32 252
31301 361 248
27792 880 994
19432 23 90
24638 411 996
4594 713 857
30964 421 837
30183 353 160
10730 849 849
10325 519 924
12190 459 681
5817 95 143
1947 903 126
14807 215 161
20243 864 764
30736 682 5
8865 953 72
29796 609 770
17355 780 479
11793 643 402
6435 487 804
24092 909 755
9229 157 714
22305 502 394
21406 356 629
8508 337 409
15882 439 796
28399 284 922
21149 52 723
10569 537 969
5175 576 282
193 409 800
28857 702 48
32126 38 141
25583 74 925
17667 358 990
21715 311 525
1144 490 362
4680 609 922
30220 767 711
4241 721 997
7455 355 580
6964 199 637
26675 391 116
10006 411 97
14551 623 973
24284 861 669
12561 835 335
30725 706 628
25319 103 779
26936 661 486
27160 574 305
19127 655 263
24873 151 616
4083 917 346
23124 907 265
30138 546 248
23027 373 128
637 734 530
4991 408 566
24205 311 439
11076 889 254
10352 204 709
20043 393 910
19866 703 162
24370 660 367
27175 392 367
4587 75 46
21108 522 121
27027 267 706
16284 284 683
29410 154 652
13393 435 228
6890 854 143
8578 133 964
29968 349 435
10953 308 892
29843 765 527
14499 831 97
23801 241 407
23248 730 968
18993 866 748
26491 285 431
31832 83 217
21489 203 106
23640 189 906
2580 728 412
17891 419 267
2508 886 242
22646 204 333
2083 105 345
13408 389 103
1490 75 688
27143 226 196
5476 393 647
20711 97 957
19775 477 311
18680 91 605
15410 352 102
25721 6 643
14167 28 105
29019 453 10
3689 372 466
8385 123 361
12260 279 950
28748 536 4
6272 885 511
19497 607 381
8686 249 658
29218 537 175
29409 93 896
15648 522 315
1724 738 230
32218 811 53
3467 349 802
12458 267 960
21771 961 181
2495 216 15
4586 37 70
18471 251 489
19597 856 49
21854 711 192
30454 202 871
14952 818 335
22948 928 992
13481 150 571
9098 599 841
1007 673 829
3423 774 282
14441 755 160
15109 829 555
8837 512 436
26037 277 548
24552 94 474
28711 148 710
10241 802 638
25088 853 402
16351 641 412
31268 125 767
12374 709 273
8124 283 521
19101 11 581
2061 704 474
1758 822 277
31616 522 147
9592 105 232
20064 435 959
1765 285 257
29244 690 479
14201 366 416
2797 332 506
889 605 906
16052 712 944
23874 29 875
6891 25 686
17007 584 565
28476 686 84
28226 132 165
32602 244 57
22201 720 303
28596 659 761
32540 332 800
27547 348 790
26086 89 49
17350 340 435
3411 111 538
14925 9 111
9465 693 865
27999 604 889
58 969 847
25705 415 626
6255 960 399
15211 154 361
11035 131 952
22176 455 727
25482 966 92
31956 650 289
15525 939 748
16628 945 671
13027 666 401
21436 78 745
18331 648 356
15508 70 390
3631 665 310
9464 253 797
20666 85 404
25597 924 4
7503 478 65
24528 252 151
3562 124 377
14669 490 857
11422 519 505
6645 739 196
17065 526 989
30442 255 512
31862 296 379
15299 755 502
26035 136 26
9811 701 853
10243 127 548
14519 454 83
31733 40 949
6469 435 90
12107 568 15
4147 534 436
21684 713 809
8465 410 575
28798 226 753
4720 2 288
4857 531 296
8252 471 112
7290 770 354
9667 509 706
12351 14 397
21080 674 724
29345 294 918
2067 592 313
25695 833 269
26145 677 915
20447 589 612
18585 299 359
7866 878 846
17883 1 823
23797 102 454
30170 168 172
31912 65 583
10730 781 831
26635 526 521
15330 752 932
26913 138 1
20914 631 680
13685 270 78
28354 705 718
20905 239 286
32433 983 870
21444 268 186
15692 255 287
7296 53 985
3545 833 266
16144 625 531
2060 305 375
19466 888 197
19251 883 564
24451 788 651
6281 759 235
31612 985 409
23473 608 226
12073 573 297
13500 690 259
8392 712 884
22866 340 450
4854 837 253
19152 123 324
16329 859 293
32123 711 261
13080 716 283
12571 176 337
31410 470 901
30100 278 37
24190 770 611
13917 956 589
11187 491 144
15842 784 361
17832 115 200
32311 670 133
29677 364 121
7844 445 549
6320 933 639
26094 844 372
27544 247 854
10096 261 1000
21657 100 122
28000 528 151
24434 506 467
17614 247 17
19414 745 493
24646 835 723
18282 791 810
19477 537 178
13853 566 599
15275 745 540
25229 490 593
6534 159 976
21357 509 468
2988 484 879
9264 401 286
7334 990 338
28253 289 946
15728 308 938
24158 979 657
28384 219 752
18855 317 754
8554 687 859
21891 516 608
20570 38 150
17652 29 9
6606 741 494
10585 312 647
10007 628 817
17640 730 679
12625 294 131
16147 871 336
23629 965 537
10864 106 806
5668 487 512
6344 673 50
13320 211 337
25931 496 119
13618 138 11
17954 538 94
31487 396 883
28118 248 632
29080 805 355
23110 655 438
9909 968 575
12828 421 546
13412 534 304
4869 17 632
17364 477 406
16925 966 586
20626 348 288
7492 930 25
20165 427 314
18269 359 21
30531 192 267
8873 870 694
21139 83 632
5040 133 489
14399 853 802
3206 4 449
27137 157 841
21316 428 505
19117 221 220
10250 605 433
32489 954 662
11759 476 288
6672 774 185
6053 469 817
25559 773 490
25529 498 737
21381 764 619
15803 504 765
9189 89 133
12460 347 325
28475 696 737
3212 255 82
9432 718 198
987 295 206
29234 888 630
26466 323 221
30588 317 144
21936 875 395
25655 232 530
253 145 574
29244 382 929
10618 383 292
13855 649 864
25403 384 181
29188 575 112
1590 762 744
5186 256 656
3083 78 108
23899 311 893
29340 395 661
24890 937 742
19347 306 687
17851 970 181
16492 98 319
21725 61 498
20383 462 337
17203 591 926
13050 270 827
31607 969 818
2125 75 945
26176 792 48
19703 40 189
4428 88 85
20982 594 956
23527 714 437
20866 144 440
30285 323 34
4191 880 19
8214 621 258
17518 823 990
13848 599 713
10016 938 103
23100 612 679
30164 942 112
24629 696 375
31571 833 924
16422 672 452
25820 933 999
11407 972 721
27264 504 67
6940 954 117
1479 830 355
10288 450 17
25288 932 188
19260 31 159
14144 3 307
26177 563 148
2129 12 106
25877 904 428
29412 701 70
28992 705 560
5105 578 760
17799 882 468
1295 719 393
30851 894 96
22301 768 581
14297 683 292
22504 819 745
30188 79 211
4371 350 3
2587 541 939
7598 603 802
18414 475 876
325 715 574
11198 838 587
26180 955 64
31679 830 515
25352 795 626
12913 272 773
27643 877 61
17374 874 492
15998 505 229
24893 838 369
9119 229 300
22216 695 814
15041 389 334
3555 353 453
23491 975 13
12789 809 359
23888 271 12
117 841 956
30544 742 417
32025 851 782
25278 444 652
10547 6 25
3915 223 920
2456 642 834
7319 129 477
18599 633 171
2022 533 583
10825 252 306
150 343 229
26115 894 171
25802 223 919
24431 890 196
21765 838 569
12217 596 317
26786 943 468
4852 547 906
9843 93 1000
8796 775 220
