919
16558 3257 27859
10563 8556 9590
13556 20501 3217
11632 2062 16376
666 30336 13984
30009 1329 22518
26062 16193 10659
18234 21868 15969
12180 25524 19545
28367 28658 31210
7950 25835 14375
16872 1142 7879
26003 23781 11521
3815 21817 22051
20468 17477 31672
11031 8963 21400
14718 7882 28705
26070 16184 23679
15767 4088 5772
11670 15443 22525
8971 18096 28803
2865 12129 28692
18531 18863 23247
3410 5459 27429
31452 18470 6957
8407 17735 25246
10709 30951 22079
29823 29970 9939
26326 6118 7836
13631 18356 18731
9846 1269 29704
32266 13693 15658
20677 14341 30274
4355 27658 5636
28693 32343 20705
10559 6242 27063
17197 4445 3649
15275 30686 9181
13384 25407 7527
8886 7331 25022
18546 17978 31591
17342 6354 7744
4900 11100 10937
3714 20410 20425
10283 27204 877
5638 3762 29495
31291 9963 32084
16284 22380 9838
7874 19372 29036
28706 978 14904
8150 31998 559
2189 12241 22112
27471 14746 29343
14929 12198 15445
6771 21771 16922
4442 22915 13241
20406 29653 30559
21629 8098 2467
20609 30647 12115
24244 29733 5765
24319 12212 21595
8838 16980 18410
15450 29412 26985
30304 279 657
13813 24132 8214
25552 4287 9870
16512 3320 4949
19683 19063 25204
31233 8121 2214
8719 29177 9149
2076 4975 6102
26737 10842 8670
14919 4122 7594
17233 13575 3801
12211 20642 30732
25880 11851 13089
3842 22823 19084
2891 15607 29735
12842 13529 88
17960 21251 19453
4892 13710 31992
6120 15167 23993
22012 32399 32626
16613 21610 26031
5137 20814 13212
9486 5205 5528
5817 28165 23499
27759 19918 19515
5124 13163 28961
9139 19086 21814
18114 20489 8996
752 9826 18680
31266 7378 20328
28704 2876 3602
25922 27654 28782
8199 1529 13405
3382 2190 12041
13188 14850 14252
25711 8527 17380
10357 19971 31498
5261 14636 16136
15547 5753 20139
23554 16296 10599
18181 21191 25113
15116 32619 22745
23647 22536 29004
25587 26389 18713
10944 20706 5798
4239 9767 27798
4112 23552 17677
4985 31463 15932
29266 23296 21660
17795 12167 31103
2303 16886 4506
24641 29699 20556
28854 15320 12481
31942 20325 20146
22976 4709 15608
23021 7796 27226
14120 2156 20996
20414 20221 4139
22353 19331 5359
32207 3635 27819
4172 24194 9733
24759 17881 15357
31077 28771 4540
7910 22325 13456
22681 2909 23781
6018 21500 11218
17909 30283 32247
7705 21685 30343
24588 5824 14416
25674 18764 20128
5128 11351 12225
28338 3011 18067
16650 28196 31175
9401 26181 5804
12738 31054 16178
8989 29965 27352
22676 11320 31793
1867 8667 22468
14763 3012 26113
32225 14828 21625
19378 14489 17572
2288 8367 4536
9024 22640 29812
17117 12465 23222
17945 15314 5744
26856 18806 25369
23231 719 1930
17607 9265 5184
24094 9110 22124
11995 8869 8245
27694 3065 27751
27362 12942 27359
18910 13115 18821
7992 25952 19025
3500 25538 23807
11007 20295 17735
20910 23674 31363
14799 29093 25384
5372 14356 518
13238 13442 25398
11200 23653 21277
7856 4019 22692
9294 7819 26134
17124 20376 18385
11542 22696 13375
30021 10944 1243
6736 29777 17953
25703 29921 20032
31660 30979 6554
12717 28892 32332
4469 4155 27418
5400 26305 17543
11744 14599 5229
21595 1055 13403
31363 8997 30942
1545 31731 10407
804 28175 10642
32751 10521 5129
7778 25226 24168
31743 28948 25589
8679 15746 24267
340 7802 12535
4899 22886 21301
1842 12658 8377
1728 32583 846
9754 2560 11932
28751 31568 3571
3907 8981 5642
4316 18567 32653
32021 9889 26053
20081 21970 8305
28542 16910 26088
22441 6825 14410
23862 8185 590
24037 31756 9411
8016 5887 27034
13763 29323 20699
20136 18165 5406
8418 2184 10163
8970 21739 2121
13598 13309 22713
12846 3008 22120
5317 20830 31856
16599 10814 29661
18549 11650 12367
17083 26862 5151
22176 10892 25969
13819 4383 26648
32242 12361 12544
19795 11238 2234
3842 21135 16041
26702 10997 18416
5917 30825 25721
15136 18069 5673
12552 25925 5361
20471 29495 13616
12810 24924 22328
18903 5712 8470
22692 28934 22193
5484 21879 32337
28605 8894 21085
3661 19464 2144
21548 2560 2512
8105 29361 32405
17376 4422 2223
7508 25012 29908
9509 30674 13022
3759 8656 19557
22953 8196 753
30427 18683 32046
1104 22892 22912
24127 30593 20972
14852 7644 22374
3910 16161 23119
13557 23333 22043
11479 24891 11252
7944 27458 30881
4873 29236 10174
13167 23325 21699
25325 8078 27392
8344 9271 10130
16522 25462 27748
2808 6101 14693
13930 11179 4777
9816 31363 21709
29752 13068 26499
24245 17676 20787
18025 21556 29501
19154 15412 32029
17127 16616 24056
29188 8923 32080
19248 7493 14741
7144 16982 19785
15983 20211 25521
15364 29460 17084
5743 12226 20790
25725 17395 6436
16516 4222 23920
21093 26838 27521
24503 25570 29867
27486 18765 29146
22486 21227 14017
14194 28276 9502
6460 13052 2081
21366 15194 26488
13164 11158 2104
22363 23944 18484
18639 7312 6724
2353 19328 16829
10300 22281 10735
16583 1361 13678
8469 19096 10072
26928 12177 15392
11535 13664 28223
25753 6997 29621
22284 272 31386
3118 28169 4385
26772 4089 190
26882 29235 31636
28608 9411 18904
25650 13958 24787
11714 5216 9592
23495 4808 23528
585 25943 26446
5878 647 16041
626 12409 21616
20435 4998 9164
10760 22171 9667
16790 31336 29312
3131 15343 27993
12799 18960 15812
9505 1295 19172
4476 23197 14574
32656 6875 32656
24863 13081 10279
23355 20916 11232
24202 21806 3785
27928 17848 25181
21841 11389 14033
18550 8469 20547
12937 11122 21497
2381 25222 6507
25217 23968 18954
2221 10645 14103
27089 31759 20865
19032 23357 16772
25152 27142 9904
32493 27898 6713
22841 305 28363
30763 7540 400
20678 18996 23467
21812 10554 19448
9537 15113 8755
2783 28497 15311
10564 26309 24722
20590 19588 2803
13950 17033 26839
29518 1459 31573
3439 20943 22937
13484 14482 26675
30533 16477 20893
10740 18333 22983
1097 14967 11453
13734 24877 7047
18074 17452 26500
8194 27365 22868
23601 30418 21555
12147 4608 25119
19546 30735 1839
28355 22046 28405
31789 16383 6669
9094 26529 17260
6823 27730 27566
24884 29634 14568
12405 31873 10541
13803 18396 22582
18580 30569 32398
13278 25251 7529
15940 13537 8046
9923 25922 28670
29201 26165 14116
9973 12179 19890
19162 3716 3345
1021 6642 12437
18712 30839 5397
16054 1106 26934
25045 26825 3429
3926 9638 3069
9240 26004 553
19965 30648 15640
9905 30823 25786
5267 6912 10367
13729 25994 10065
10021 27426 23538
32156 32004 20358
11260 2069 5901
22865 31282 245
3876 8481 2499
14206 27928 28376
9499 9785 29657
8701 29879 16003
20197 31072 14392
3399 13316 32253
5558 7437 19765
5411 29526 14644
32488 32214 3871
30331 24173 15729
18697 9415 27821
16272 21335 3616
26904 11564 15655
9980 20702 16136
2888 5056 24162
3916 21323 10116
7404 11888 3293
16406 25757 32604
3412 9026 21161
7886 24967 16721
4544 23035 31203
208 1741 30841
23739 30611 13795
23900 21216 13561
29556 17312 17010
368 13765 6599
11253 14140 6814
16578 32167 6261
30022 12821 12561
17999 30895 20791
26333 15775 20973
27703 29927 31898
18156 12197 6807
13791 11619 4528
20333 13496 19972
30860 24541 22172
2038 8215 19550
15865 18564 699
7870 8753 11031
18838 10680 24802
21857 2008 26312
13419 25564 17773
26174 13228 31347
7389 1426 32525
19838 28784 24567
16065 14068 31381
11570 22092 11228
15748 685 28994
9733 5667 10951
19794 22007 30246
1647 25988 12585
2427 11505 25279
12405 19173 15887
30094 21192 19431
6740 32035 14366
13283 30117 8093
26798 14979 30745
14214 7265 8536
24843 15008 5769
28865 24685 32225
27088 31759 6750
31420 14446 28902
2303 31138 17568
30182 12419 17865
25941 7307 22918
20012 13098 10834
17824 22483 408
32030 4665 9556
30828 3801 15775
14234 24952 23646
597 3045 32393
13207 31919 31506
31641 11490 20123
7709 20805 21434
13762 23524 11137
17043 18384 1069
10378 13829 18703
7147 1052 23341
20795 16061 742
23889 12946 14776
12859 30402 22314
17254 20490 2311
2183 29966 28432
55 21869 26934
11084 1447 2547
9063 691 17861
28121 9520 9766
19780 15643 21613
22177 16762 3782
5834 8885 30726
7691 18050 6200
12725 10642 25709
15931 31911 23825
11065 27452 429
31004 26615 19357
16630 11583 15322
11349 491 22602
11068 24038 31319
8940 7650 17295
28875 10371 13441
25282 24129 8755
6017 1752 21247
18485 8960 19716
8894 23922 5146
11397 7180 6481
7016 20256 20207
25549 30918 19918
9931 6090 1114
9650 23429 16297
18642 31053 32233
26 4844 29173
9033 9521 6716
21891 29799 1469
10026 9293 9110
12501 23098 21332
3611 6579 30864
30398 3289 13766
25011 28806 14382
16642 4753 30578
8984 7291 22979
2629 20892 31538
8467 9014 28264
20782 28731 16290
951 14543 3312
4094 15221 16992
23583 25615 27299
25067 26743 10077
27646 28497 12839
485 3547 27801
11241 28942 5974
1673 2367 27870
10411 883 16892
28014 31460 5202
28423 25755 17077
15382 25692 32767
15012 16699 11347
18208 6252 23968
18469 27110 29092
8343 22956 21331
21404 14136 6762
21614 4744 3836
17357 31616 5088
1671 19633 27523
6150 8388 8231
18392 18218 28215
12661 2104 1387
8335 4446 18669
21054 31867 26787
27458 14100 7615
31689 6712 2359
16775 7197 1914
757 2811 10742
29843 30721 30227
3130 23647 10518
27821 16675 20671
31453 12765 27715
24721 5137 6020
1478 6624 9953
12836 3832 31831
27030 32498 28679
28668 629 12333
25353 5147 27367
5039 4160 31359
3543 18370 16285
8936 9564 12852
17284 19130 7064
28078 207 25843
29408 8513 14357
20063 31004 30274
29740 4623 19057
8280 16876 20999
26398 11219 5430
10295 24740 1599
32565 5037 25130
30009 6628 17928
6175 28546 19665
25904 15137 3154
20256 5444 16926
31983 2770 24276
32697 17533 17736
17745 12015 8728
12546 8641 13050
24864 19629 5559
3701 980 13149
10883 21954 31779
16919 28838 8361
26302 13970 13193
16193 31858 11070
5486 13844 11701
5254 10150 17790
7295 9042 21252
86 26715 12497
9363 13776 189
6005 21124 12962
29078 7487 3434
7526 24102 21308
29098 29248 7697
3664 11564 25024
12470 23858 11607
5898 31420 8120
26941 10548 493
9045 7186 15343
6984 26848 995
4970 16209 30614
30852 8051 30892
24931 28363 16864
8426 23645 15355
21549 24483 5521
11651 12390 8133
8451 18665 16711
28459 10992 18433
23971 31858 20054
9570 29442 9992
13495 19738 17294
21893 25369 17825
15152 1599 22609
25868 8182 19992
24705 26243 8632
14747 16864 29685
3323 17480 9913
30730 9493 23083
26807 19546 27026
6068 8543 6108
19159 15298 9182
29089 4613 1
17413 7106 32
19318 3730 27287
26737 29528 22193
11305 18984 32290
15554 9194 11590
7398 4701 28324
18106 20196 16275
25264 10186 25435
3447 16488 31925
19871 31198 18142
7831 32620 30818
207 31884 15738
17581 24018 8216
8785 10740 27605
20679 17247 25537
17610 6928 11336
31734 1182 15999
9341 18959 23403
18196 29456 30631
4078 21990 5319
11837 1595 23819
6255 21049 7855
21180 5490 28458
295 8117 28844
14674 10351 19675
25467 18532 16894
13345 30997 28556
13792 14508 30239
22192 27379 18998
24187 14582 6998
14256 3425 27782
19743 5419 5041
6033 17228 14584
20615 13970 31485
5134 30736 22483
2272 27053 31901
12339 27372 10817
3574 27944 8786
30089 8945 26624
10672 2040 16707
7788 7048 5980
30613 5182 7410
25277 15835 626
24717 31112 12257
30571 21947 32237
22054 19584 22542
26245 28910 5303
29437 824 31123
26832 3548 18782
19996 13446 5131
11044 15120 26897
28013 32305 22413
14575 23323 13706
26516 16612 3162
29363 14503 16960
32715 12824 11414
21088 1250 5803
26262 9079 29081
6349 20115 19087
24678 7282 24263
9930 2666 12928
28556 19950 4587
2425 30062 8736
20740 20826 25989
29936 155 5827
13314 23446 19348
22871 8455 6267
8772 24934 18364
15868 25129 6346
9119 28266 9688
27406 27 23893
20790 28886 1629
30218 11755 27258
23907 19290 11284
19957 4181 13469
6968 27646 12057
15351 28542 28788
23842 16858 26397
16895 17032 31180
9235 1269 4958
9323 3610 17786
8512 10926 4312
3308 11051 32365
2646 26238 24465
25636 32179 5922
17581 2548 24090
3245 31509 4074
1521 18485 3726
25988 11859 18366
18723 8305 31425
13078 15481 12441
27924 20478 30045
5469 21942 394
3487 30752 5138
22219 4131 20486
15177 27819 25397
29435 28455 10007
11549 14328 3413
1380 26355 3713
30416 5611 4533
12147 3481 19703
16791 19196 15023
17122 29594 22507
4154 7546 24928
26666 23561 10409
18239 9864 15934
25174 20628 25020
6216 32134 7770
18599 26642 8391
7163 15322 25466
25550 5733 22616
26629 20575 18785
8093 4817 27245
22304 24799 5323
899 24087 18323
5921 23906 8462
13107 17403 24556
30067 15423 18278
26176 27635 2690
23696 26407 26444
24726 15163 31919
5468 170 31084
3861 32382 20099
13667 9960 7959
21185 7120 10860
16236 868 7748
2621 32183 30094
28134 8500 15993
23690 3687 19342
30481 31246 5432
31051 1678 25533
26874 16341 4290
16880 5430 12002
3991 27574 1614
27803 3751 1050
16819 23806 17670
31908 28249 22657
354 8482 16744
13816 7247 4263
9013 11192 25820
18389 8304 19453
15210 8280 31647
8329 20158 27059
29386 10638 12116
32575 3448 17358
11510 32624 1755
14849 12942 2139
10312 1399 5177
7541 10218 510
924 6814 24502
6406 7803 22622
28833 10243 19335
25966 9745 9747
22904 31098 11666
19681 5212 1317
30411 18633 17711
846 20400 13373
20395 28561 4345
25191 25185 1553
28370 15631 27913
12405 16852 14784
20759 17457 23604
10790 143 30215
16186 27579 32537
9933 17653 15011
31064 28016 4654
11219 26232 569
25754 4729 26630
28495 4435 21656
23557 10878 18313
29427 21822 31798
27509 18477 28119
22487 7567 17198
10279 2347 16897
8393 20937 23348
7259 26779 7407
7209 21384 12598
25593 8891 29185
28543 19271 14492
13888 21844 13643
3650 18296 882
15586 7145 8835
4758 10724 5079
21276 14307 5113
18915 19790 2180
10159 13368 31532
8338 16842 26967
21187 12600 21724
16219 2125 14869
19733 28801 12456
29153 26203 26855
26630 8788 10397
8596 20709 31555
32357 11449 32578
8461 6573 22326
9225 31285 6900
864 3281 80
11921 8450 19398
6178 5190 26274
7142 13572 17688
12293 21873 19336
11102 9717 1690
22368 8473 4929
1155 30844 10371
2822 2152 27507
4843 17453 11547
24868 2495 20021
24752 31133 11755
818 7801 26172
16737 23318 1333
30483 3833 1072
7556 6033 1148
25842 25758 32351
13051 27383 28485
5257 10598 19269
14584 22494 23898
6095 29546 15513
5689 20030 27186
21057 3712 17392
20164 12237 16213
4929 160 27404
2656 28170 9673
8004 13788 31080
10105 18202 28398
5823 26387 28081
17973 15870 16217
31510 23202 19748
9695 8156 9866
28931 191 9219
8953 2883 1167
7455 13642 14763
11920 20405 6900
25244 12072 16361
18343 27358 22675
13654 27032 30880
26069 13886 2073
26553 11763 15843
28780 21300 5986
12852 25817 22540
24512 23724 16894
30004 3010 27256
3687 11482 4974
14296 10334 19181
7818 27335 1540
29917 25940 8414
15265 26274 2419
13430 15417 255
31534 23821 2144
3336 16092 12011
16206 22754 9883
15876 17974 4554
21573 26657 31188
32600 6048 2619
7750 1029 31957
9511 284 1772
7972 13689 434
10957 5077 17058
29630 30295 370
26971 4133 20903
14131 25927 26643
32012 22714 24019
3658 25869 29184
31330 27322 30637
1936 423 27730
24301 30451 2129
3351 17555 15211
29422 23667 810
27364 20233 975
26698 32551 18326
31076 27673 16209
14481 21837 530
23939 9697 31969
26373 7388 6530
6209 4191 5028
11491 1581 8364
24010 16781 16924
1370 21393 11526
28811 8640 6278
23541 1429 11103
5813 12422 14788
7015 14876 8208
16679 22909 96
21494 30884 955
12479 20939 32144
30712 20550 28345
25469 586 9796
4643 31827 21706
25854 2953 26275
11415 19108 32684
22071 18462 20100
12531 19182 4760
11902 9998 10695
10451 28856 31193
27707 6966 11667
17283 22992 4352
13789 32239 32747
12496 26952 20314
23525 29290 20762
2623 27490 15800
21287 25719 5854
31503 4348 10661
10889 30900 18270
27857 20821 18847
16883 32083 17997
382 14142 8947
12328 29181 8401
25934 23326 19781
25533 25212 17658
20930 23886 30959
12145 25386 10229
18590 11442 13499
11398 20323 23102
26820 21411 9378
15866 18790 27512
6188 31106 32412
5546 14435 18369
25977 20873 926
30911 27825 30349
18639 24505 6747
13056 31587 26487
7925 25336 32361
16602 6569 21384
10999 24501 29134
17975 5577 14813
27058 18609 22572
31876 20119 13501
24602 11202 27131
27759 2983 24693
6173 9887 5020
6219 10172 24474
2401 19485 26402
16918 27680 16511
609 7276 6439
17557 5853 13825
