947
6646 324 969
26153 223 110
30727 815 123
18086 415 58
19550 340 267
5070 361 514
20354 334 298
3562 789 680
31171 860 329
8076 567 20
26668 255 922
17204 651 547
2353 534 979
13089 491 724
16735 650 438
28035 530 138
6012 765 133
2886 71 694
13531 176 187
29226 218 240
29131 885 429
6893 455 123
3952 644 924
2729 236 392
30564 403 524
19131 840 792
12014 636 404
11467 702 26
28346 515 8
4296 761 869
20813 681 686
16640 407 837
6580 265 208
23701 521 600
280 188 377
17147 902 262
5438 994 761
4941 528 907
19231 906 786
10383 333 361
20501 228 216
6208 681 44
10588 937 945
10950 955 765
9422 428 856
7580 575 45
20260 827 840
19779 393 141
25384 903 390
14701 287 108
17042 794 24
16345 340 348
21651 539 2
31446 974 563
28464 677 605
30315 988 80
2048 783 496
31633 348 426
7656 427 820
4870 588 379
28906 712 719
10660 24 787
32297 654 364
32316 106 494
9636 318 513
17764 974 207
11356 841 299
18882 704 208
18660 735 412
20399 997 360
24969 933 858
14669 372 966
27280 26 935
25701 517 479
14404 385 514
3496 148 915
27591 102 528
15655 72 463
13021 713 935
28185 645 530
12850 685 180
22611 823 433
28360 57 805
3062 909 858
13965 884 592
63 664 282
12618 506 450
23682 887 489
14960 940 551
11956 262 706
14693 4 628
1293 607 684
12642 678 629
2221 233 31
773 748 260
21835 949 647
10527 618 443
28240 238 306
26474 184 98
27635 134 376
15656 977 778
23340 890 464
18136 985 849
24987 777 153
24971 365 421
4788 114 84
10109 361 550
5586 342 6
4340 86 681
21756 934 627
30114 598 293
31359 478 235
10740 542 624
6066 375 696
20757 654 972
31096 646 650
1936 367 358
32606 725 329
5077 323 531
20582 788 324
8461 131 570
5341 45 426
32255 24 362
32471 199 806
15609 357 640
29467 802 89
13048 797 829
8868 801 654
893 591 142
26896 51 802
29659 720 982
24197 319 814
31713 971 389
19452 949 260
17188 37 873
9970 388 673
16735 574 194
30182 290 987
23966 952 437
4411 234 988
31532 738 45
11345 577 168
13449 249 256
234 354 903
25540 51 961
27456 414 983
21775 831 195
20312 158 548
27509 805 196
20589 749 735
26857 888 303
18830 52 79
16942 292 16
8901 634 208
15437 936 951
8285 852 943
21641 828 235
12838 76 200
29978 200 608
9920 493 292
2069 34 179
2907 387 966
26438 137 14
31345 44 818
17128 563 45
15447 847 3
12934 473 656
29385 318 765
2660 196 199
9393 403 845
5439 966 718
29148 175 382
17737 786 780
3680 576 935
8364 537 785
29652 475 45
27899 307 783
2743 494 982
14928 325 235
30862 637 480
14868 77 275
20387 487 213
5791 673 464
9074 541 739
6189 574 241
4386 45 580
6375 210 91
11671 479 776
27880 931 91
4870 631 52
17539 533 677
1558 825 970
32321 269 705
28395 608 903
11075 755 492
15534 212 252
1045 666 513
19061 720 630
1301 549 168
4761 181 927
12530 760 963
31183 894 218
23800 307 866
19885 102 189
15905 255 316
19040 669 223
32546 976 848
10677 544 127
18161 87 339
29134 477 446
5232 665 620
1041 395 782
32581 664 498
23863 925 227
5901 254 20
7563 857 849
4448 345 486
23726 910 831
3174 344 798
3708 343 322
12015 412 626
26355 435 550
12364 547 892
18720 637 278
8535 64 760
29047 312 780
32106 310 638
17973 311 157
25920 327 833
6287 864 596
16106 698 991
14297 564 214
7521 241 366
5110 746 193
5986 63 818
24229 837 511
26765 769 359
13192 54 9
10500 253 957
23812 466 172
26366 615 923
24637 236 727
19205 634 269
9433 401 967
31456 341 505
23907 437 152
30797 151 596
23377 568 439
4128 423 806
17951 565 384
25441 624 856
20229 292 3
30582 772 759
806 616 46
23436 100 725
23635 202 369
8368 866 736
13495 180 134
28500 634 69
23549 717 515
16448 122 477
19675 502 502
30747 222 950
30722 552 938
11273 296 713
21984 257 227
31508 418 900
700 326 94
31589 319 44
8466 860 21
2921 696 239
11322 184 228
13945 98 258
22972 258 776
6569 807 800
12767 438 417
8380 789 672
14430 96 117
23671 988 287
25659 512 103
27333 605 681
21039 729 960
15984 596 440
7977 599 189
22357 190 146
16597 765 876
32092 455 655
4137 599 420
8100 876 378
7779 203 564
26264 48 97
26367 159 111
8943 765 726
4498 788 467
23747 602 716
19596 971 667
11585 333 355
26180 497 607
4775 45 368
15339 97 88
24960 193 548
28213 607 202
10089 505 296
6607 610 63
4795 961 413
9731 809 378
4084 18 219
9755 946 925
6323 216 112
23136 133 697
31138 798 39
9154 267 919
27559 142 408
18837 132 415
4651 59 655
21217 351 583
4963 368 716
32057 403 54
24787 52 707
6426 572 630
13707 742 85
22579 687 503
7375 894 497
29747 20 978
20259 493 827
5357 800 292
11511 958 275
4846 612 529
25954 207 68
12249 388 454
15537 406 944
12330 564 591
14776 280 14
31273 510 177
4636 592 110
3130 392 310
19740 843 350
20682 927 612
4476 426 999
8324 950 156
16027 197 209
13217 246 917
6630 555 874
26974 377 529
20765 728 170
14600 348 132
10027 605 533
25124 292 832
9337 842 828
6539 442 583
25865 972 754
3997 210 222
28092 559 610
20447 710 751
8079 845 671
13456 268 482
15029 917 764
2338 315 457
15569 51 617
3233 76 141
3268 223 445
24921 856 720
11212 222 739
10608 801 266
22243 68 322
10278 19 553
29851 437 674
19955 219 551
10996 297 76
10697 502 695
21979 375 772
25619 129 484
8781 372 81
14425 521 784
7003 805 57
26758 424 60
19841 43 39
28994 194 864
6664 850 802
26859 518 458
14192 285 418
31489 26 677
32022 165 441
28715 727 678
18320 639 288
14111 433 403
20594 758 249
32014 992 401
3965 11 490
9323 37 497
29800 279 583
24348 393 677
20415 668 268
28027 677 188
26256 238 560
5558 927 257
16346 573 624
24420 436 387
3069 233 292
3444 442 163
26011 626 560
17592 196 138
26792 537 634
22464 979 855
1953 983 50
24768 511 755
28698 570 700
14514 194 663
1833 216 672
1786 101 962
23384 202 118
10030 478 156
11550 897 319
2773 691 233
12307 992 499
6972 686 37
13919 279 111
939 792 924
25872 583 256
18086 399 685
11091 279 532
8447 61 557
20436 452 789
5080 869 802
20138 511 836
2807 405 11
18323 756 912
1779 719 276
12149 250 41
2843 530 950
10587 42 811
23858 989 546
10857 351 816
31055 521 590
10620 608 72
1666 189 923
26222 868 243
10510 160 734
7738 212 459
21851 742 820
6254 590 611
21224 47 843
12213 557 296
228 508 726
6747 781 938
13886 668 898
6423 989 663
21831 76 59
8577 455 191
28475 803 841
26367 762 412
11856 49 160
8206 594 546
15637 485 532
24366 552 699
6220 776 204
7647 471 170
13445 902 868
32111 34 459
13088 72 746
5260 779 428
6788 229 963
12747 569 929
13224 453 661
6837 207 750
25414 231 227
19437 540 271
8017 726 986
27278 163 452
4475 876 376
16339 33 302
7673 325 730
4008 959 523
29124 14 755
12214 835 850
32262 294 144
18433 34 883
28276 886 1000
26426 565 516
18116 627 832
25678 358 993
30600 793 515
13273 757 365
29955 927 825
13191 428 533
15079 259 71
18061 437 784
15857 888 900
17844 949 576
10461 114 575
2748 422 792
29748 234 965
4598 745 914
213 692 897
7783 927 116
27467 465 418
19416 75 154
25174 693 360
22422 845 344
29990 982 443
29655 373 46
7744 227 481
765 443 740
22019 470 617
28462 96 653
17478 371 545
18419 516 450
19083 646 562
13030 423 731
10414 898 85
23957 534 187
31788 874 932
19998 165 332
24136 868 673
32054 826 690
32696 63 16
24470 780 924
24748 800 197
15881 834 829
14910 255 88
17026 792 13
27319 223 782
17936 762 201
18472 573 869
32396 564 593
13639 937 137
31815 402 621
17046 393 59
18218 891 402
6709 282 598
10252 987 97
32505 470 870
5666 833 824
22419 476 138
10705 793 831
9458 209 497
11610 228 907
28455 190 125
14597 336 233
13932 27 236
3044 781 632
24102 485 911
21311 586 348
26103 18 727
8776 500 912
10548 210 108
18604 480 125
22375 148 548
21011 555 423
30876 220 223
4538 415 699
9901 125 834
1185 601 329
16587 566 199
23045 917 364
20724 346 568
25895 715 67
13075 978 283
27777 620 540
23551 342 78
2563 966 761
29341 455 916
27881 526 962
22465 517 787
6471 712 858
18861 49 579
2663 306 245
5693 310 410
13442 24 540
23325 463 544
6019 287 494
13728 949 62
14289 236 637
3091 362 454
13136 351 751
22684 530 841
6181 666 558
8709 780 444
28629 22 636
10503 219 343
27862 952 934
20719 22 141
8633 491 32
179 248 921
28776 424 189
13778 414 370
17714 774 194
21647 392 47
1181 278 672
31087 688 686
9263 915 512
15870 919 997
1466 901 844
5956 980 355
10692 743 373
15991 875 282
31005 242 957
1223 64 556
3797 848 358
6493 510 420
25343 911 928
13537 886 378
19462 386 459
24608 581 648
20357 283 831
13229 632 907
31969 103 387
3220 154 690
23309 719 445
22129 618 136
8264 246 816
17808 438 960
17847 4 402
15325 176 622
25117 248 548
10698 114 156
24113 988 144
6274 961 208
23088 247 763
15602 672 466
20422 399 478
2965 707 379
27753 497 723
21260 932 359
8105 207 156
30692 401 554
13877 244 384
5650 648 619
25982 790 896
7447 570 963
13621 458 700
458 48 80
2857 455 568
27947 2 570
4900 975 46
29155 978 707
8154 18 808
23084 862 141
17161 449 402
7766 834 946
2648 932 637
6194 307 241
23454 271 721
8699 852 135
9869 879 738
3998 808 627
23295 45 513
26474 483 909
6738 774 635
31636 869 689
16278 39 535
6164 568 89
28028 588 831
28859 763 609
8773 445 667
27041 998 731
12582 845 322
18483 341 986
15829 358 284
25995 525 6
16960 253 723
10967 6 987
3998 48 38
1787 669 36
29527 512 539
14516 436 897
32119 583 800
19170 13 821
10663 602 895
2248 549 13
11488 245 410
3675 19 73
14686 489 783
31999 513 414
30574 937 334
22336 326 245
3377 504 359
9834 743 491
10358 882 733
25354 81 267
25892 709 220
13761 651 620
28668 110 974
6126 746 125
14485 421 507
13339 584 73
14045 551 153
13364 164 475
1930 294 782
32747 201 187
16443 974 985
22490 849 755
10044 662 223
19006 582 954
17449 706 219
17512 83 889
21987 83 113
4146 821 199
28567 835 33
28437 980 288
8643 27 621
19642 581 363
30079 914 876
16667 428 792
28534 93 954
24208 906 608
7504 644 33
8790 914 536
11131 711 415
24185 197 303
31386 631 98
10787 374 878
29439 170 509
25023 363 641
14843 444 399
4727 62 420
16362 75 88
25836 289 451
12104 175 533
18750 518 670
25645 947 398
23235 230 60
4351 234 631
15350 85 50
24650 114 915
7043 824 944
3308 393 404
14730 44 800
24867 688 75
12383 866 451
8730 841 913
1651 225 738
28935 652 552
14136 78 174
27645 826 808
32525 213 613
10233 361 270
23196 239 142
19164 48 424
25654 723 433
26435 861 565
6659 850 902
5507 877 502
11821 97 414
27707 748 70
24136 605 530
16425 281 131
424 186 928
18003 790 128
5733 695 638
9375 156 703
9014 349 724
31847 412 156
22643 681 573
22458 308 758
1239 511 555
27970 536 823
17120 29 487
14338 475 529
18905 736 183
14192 990 936
6642 830 157
8602 275 72
23797 284 517
13387 366 994
23931 551 719
29554 220 757
29865 335 306
21055 892 508
21213 576 401
20907 61 508
8663 742 768
23137 450 662
16193 309 737
20810 306 457
17567 187 803
27951 252 285
19987 289 820
31008 190 346
889 680 311
17064 173 146
24512 778 442
17401 672 638
8341 983 301
31119 512 87
15539 661 64
4099 387 597
18806 833 271
507 921 708
26764 117 556
10112 729 610
15564 381 248
28450 174 488
4514 279 190
20143 760 69
25234 507 71
15462 192 219
22715 978 413
758 744 357
12905 953 661
20896 503 562
27914 525 136
22356 923 749
1074 621 246
21164 805 604
14441 112 311
6662 479 485
9969 851 765
1589 706 660
6103 638 186
12152 689 220
23009 224 107
24513 896 703
23604 978 192
20078 74 860
979 183 321
30974 56 184
3899 49 162
2418 687 542
17611 107 836
1614 165 297
14527 240 114
20864 571 974
15836 173 457
4753 871 948
8233 327 254
24047 784 393
11075 136 490
3634 987 769
17969 957 193
9634 454 14
11458 731 264
32116 225 915
4827 5 396
21872 595 235
22591 55 745
20989 783 254
29621 721 809
28624 668 184
29340 33 44
15267 581 586
26190 421 130
456 627 321
27352 616 723
31861 464 790
11001 894 128
6422 123 431
29543 978 496
3084 299 718
7107 36 870
26528 215 215
21965 971 603
5651 691 590
25521 405 798
16409 58 727
23681 272 68
8213 394 115
4670 164 116
22516 786 692
28415 763 804
25221 903 390
18195 89 907
31373 278 449
15407 70 953
8467 771 236
29192 481 597
6549 827 53
3829 164 250
3628 144 748
25435 761 95
26302 250 700
10520 413 104
1490 565 272
10287 718 220
25256 108 144
16472 778 742
11165 749 439
28487 288 9
3338 681 728
31177 442 330
14353 178 153
29187 359 481
8740 469 97
32629 491 261
290 524 323
7578 390 771
4451 652 283
3122 412 591
2565 806 677
30873 759 449
6485 1000 310
2495 98 919
9784 995 634
155 598 154
13520 321 462
7461 873 594
31700 69 711
31817 729 450
17757 165 916
15693 421 690
28945 711 655
32149 319 552
9962 7 719
12252 944 273
20761 564 117
4146 921 625
6320 261 882
2134 445 926
13329 151 418
20566 614 740
10081 325 207
1394 542 48
30309 380 1
26035 834 662
1174 736 899
26810 547 673
19283 519 737
7858 57 567
30583 227 139
9319 227 332
14010 852 906
10226 392 916
21163 217 55
31611 511 610
31267 79 715
7168 403 214
7041 93 629
28703 780 74
16656 798 483
26455 69 572
20064 639 1000
7230 649 864
6276 372 350
15513 877 709
27756 133 10
20577 9 832
32210 927 337
5391 198 345
15993 468 887
5325 314 370
4265 205 232
31070 793 976
31028 735 331
26842 822 200
13408 274 967
3723 821 675
11918 96 263
