665
30150 18876 18697
25226 29951 28963
12508 10549 24015
23168 31394 26248
20772 3283 5101
2589 5953 10794
26146 10520 15562
26726 31785 23817
1563 1857 12393
2580 11486 26512
30452 20559 7133
10182 6142 11371
7444 27066 28308
2967 11787 9642
32651 22177 28259
11903 31926 14430
23726 19282 2140
9037 21892 2608
19688 23159 2259
12314 15587 409
22902 27216 3872
30853 23305 9424
19254 1478 25084
10777 31283 5251
23015 28724 20367
2470 22045 14069
24159 29756 4228
23423 11979 7455
19108 1286 18370
14803 17661 3801
237 18095 16542
21407 12513 19517
16115 15840 2968
5091 29663 16840
17698 4034 7690
9256 19608 31198
14717 12990 13138
28287 16492 20918
5209 1496 28242
624 4127 12519
14660 18308 12398
23964 30078 2564
18591 9789 22339
25601 9740 4105
18148 29776 9416
7452 15134 8077
31885 13714 3496
25185 23029 11247
32269 6401 6125
24767 22200 24567
11623 18809 26701
29221 9040 24233
20288 10247 9922
13646 14240 31800
2938 18305 4915
14648 21132 12376
30152 13420 2389
24330 3017 14950
5298 1364 24336
4199 15471 17691
24059 12066 2819
24914 22723 6851
21882 30238 26889
31792 32690 31800
30642 24463 20682
7060 21749 15368
27608 4416 5810
10444 16602 11406
12550 25430 2544
10101 32028 2801
10440 24117 8774
13690 30809 10810
5452 16743 26324
25667 8708 2312
27607 20931 13090
23309 12004 391
19538 23625 29203
23450 27268 14005
5379 26726 16007
14776 17430 4891
30170 20389 10206
27477 1471 27782
10450 10745 11408
23064 6982 32095
7510 1302 26522
24759 2456 12218
689 677 32113
11650 19108 32559
16869 3120 7096
28889 14709 19988
12686 7438 27377
6541 10394 16322
11918 462 13270
14934 12601 19678
23224 10684 16938
23266 21345 10203
7867 4767 19735
15413 12411 30523
16117 16327 29054
19267 3809 14384
27384 25843 9407
28182 522 6065
15844 17094 1756
22234 5326 2330
14828 30145 12562
26016 15270 10485
29589 31224 6708
11459 13055 24446
29079 13564 31853
13610 20983 2553
19559 17588 24631
30427 21521 763
25805 27927 7845
28583 15569 307
11040 6157 24915
9418 20028 16724
30962 16854 28831
32214 10154 6959
32082 12745 4334
5710 5236 19231
16375 21079 22064
12458 27227 12375
23020 11396 16609
12489 9667 21934
17044 19040 14902
15607 17942 7680
1566 24864 11575
11277 22245 11837
30406 28393 6390
3166 8872 32440
31858 16751 7206
8807 21029 10845
7819 29164 13496
3963 18415 28111
21032 6179 20046
12265 26999 8608
2781 6508 20641
32075 20381 8739
5841 23029 15152
11515 5845 23685
32492 1475 3535
11234 19246 27696
2606 29716 22000
20516 18141 9382
12190 9007 18106
28238 23078 25431
17482 17360 22095
17172 18859 25119
6987 4767 1226
9157 11407 20076
11222 9094 16866
30453 1524 29248
13748 5562 27700
25622 11698 4998
22211 14541 12695
17395 19043 9078
9285 18992 14873
30030 21268 15106
12581 28642 3946
8201 22839 631
1676 16453 12512
30376 19379 20953
1607 20561 18531
30990 2589 25772
1784 14490 3795
27834 2946 14115
18442 5861 11986
32255 7755 23523
12245 5438 27384
6877 28449 8426
12418 16593 2254
25485 8925 32565
16519 18932 5169
21981 29664 25651
6611 29726 1770
28649 32115 13620
32518 22469 20119
15329 16374 19529
10312 29015 7994
22990 32522 27480
16793 8137 2834
32156 30462 3404
8884 31347 2181
18128 6427 26283
11478 6449 30012
9396 5810 7674
5388 23298 20939
29923 4337 6579
25049 13976 29559
882 22506 1212
6469 32155 20985
23342 19791 11167
6339 1675 30029
14763 20438 25588
25195 14980 27627
19985 6722 7350
25461 23381 11271
31469 19834 20868
26114 19363 25250
29299 32578 13307
5262 1552 2448
493 12138 17825
16289 4516 14790
3153 912 8740
1697 28904 8587
23856 11719 11482
10956 5739 24158
29827 31946 1469
16315 9393 18609
248 21626 26979
12048 30908 5069
16848 17362 15512
11540 1451 3696
19057 10670 20390
23141 11560 24847
28981 27617 11895
29459 21396 27841
24604 15506 27147
9663 16442 31285
6513 22502 31996
3464 14575 19018
7035 6224 4102
24565 1506 25118
30163 18980 17616
15396 30098 10932
26621 22344 7266
15063 25121 16503
21575 18955 23569
30524 28789 10573
17195 21137 20172
22153 5877 10229
12959 31830 14849
26814 15545 6624
18964 10673 9378
26405 17286 18640
5918 18789 29676
9587 24055 27603
32757 7834 13564
20625 146 19330
28746 28123 31578
8822 22474 11139
14892 488 23547
21661 17942 20416
2034 20859 2421
8948 21663 15836
23902 11097 16721
12128 1597 19385
21884 16447 25532
6693 28603 12859
22503 14988 1553
15827 10637 18317
15220 25018 26089
15754 28300 18055
1409 7166 9656
2734 22607 12560
31826 2735 32031
17256 30004 31117
26680 3649 22138
23938 15678 17343
29322 17649 87
2435 594 18332
25229 9086 29905
10263 11636 16642
22489 10621 4620
8223 15891 28001
24296 31532 17987
28167 24976 29860
10189 26836 30501
30004 26745 19716
4163 12305 8051
667 11307 16783
27030 7582 3874
7152 29417 20866
14356 13945 14698
14565 22909 13004
27915 17788 22922
27761 4347 27725
7547 9910 16934
25118 9291 19641
18175 31789 13459
30659 19581 2337
8620 12247 29795
13889 27667 6795
6341 21732 16658
3095 26824 5160
7581 11948 17065
743 6267 13319
28417 28135 6054
17733 8519 28241
29939 9465 24982
15461 22005 14204
17328 6763 15135
25988 3908 27629
2602 3320 15724
19747 6070 29699
28538 16047 29748
29288 17140 14731
3 17685 9949
16191 2777 16378
5686 14935 613
21019 23493 17172
29747 4068 17173
7266 26319 14269
23230 32010 20013
25823 11238 31017
8008 25702 2824
8161 18186 24743
26101 8526 2156
22211 13080 4283
1502 2685 26109
5910 31209 27720
3349 10658 25363
9636 31923 6380
9987 16299 11099
3072 28901 6119
9020 15324 20240
5991 11515 805
21478 24594 6066
5657 15868 25659
16953 30405 27516
7285 18852 31096
7367 20392 268
28023 19038 8548
5779 15858 4610
23158 2466 7991
32538 8121 22133
7206 12886 2863
31450 6117 11410
23376 14389 6101
16637 11426 14024
27076 29306 29066
28209 31332 16454
7266 30516 28667
9691 12235 10939
23901 21013 10565
12827 8472 22932
31229 27801 17646
26721 485 20013
29064 14036 16650
7046 19048 17845
13091 10061 17952
9633 2405 29870
22209 19887 13983
25365 30359 17748
386 18229 27923
9604 4416 5455
24585 13594 10330
177 1308 9338
434 13437 1910
11381 1000 2475
30140 5229 16099
24145 19520 25529
26542 29218 28537
16970 18054 27701
10929 19599 19249
28169 1790 24215
15249 22469 3699
6774 12408 8644
20375 11753 21694
28496 13590 6973
6801 16046 1463
2412 23309 23132
8334 24458 5132
28566 18803 12127
14400 28190 6579
13142 17791 5437
26885 25494 5469
20997 17087 26222
7168 21210 15177
24566 2352 29745
14802 25843 32686
27286 2627 5372
22215 19956 19313
8155 6696 27153
3479 14902 15348
30808 13571 17775
11540 9947 29967
11976 20431 4248
30547 18891 30874
2811 793 10729
28977 27813 14609
16225 12774 12652
14151 15203 17721
8099 14673 32629
2474 21147 2253
7191 17867 20073
21003 8866 17049
234 12550 20086
24588 21509 2713
18772 22509 13616
1519 3849 8936
13878 14908 13389
13282 11063 25770
5354 32141 27120
14999 11553 30265
3644 11261 8777
3565 26587 10801
16057 19126 30067
18129 25832 32575
4308 16119 15827
20386 12416 18099
9887 30846 25195
10425 8576 3146
25599 3670 19929
6888 31587 937
11173 30589 30205
3087 11797 4225
28726 23263 24954
3602 19069 1112
10342 10894 28558
15063 21518 31072
20468 27725 7155
4122 14028 21489
14530 17861 23501
21554 9848 31860
22149 11504 20937
10528 22245 25067
13507 3503 18176
25980 9903 22870
14864 23427 25400
8993 19642 2208
3279 29392 23187
16806 11853 19429
11490 28492 32730
28411 1704 31270
29454 17753 12765
13012 19031 10951
29181 2682 16283
2465 32707 12144
32286 32041 29236
25146 29605 28193
14560 5818 15580
23962 2917 13732
12533 20999 29236
4659 20626 6805
19608 26650 7141
23743 30708 30142
5141 8220 31820
1698 27620 19580
25094 546 11152
20020 5362 21093
19446 21686 30857
14221 3325 24421
4466 23344 2866
3239 26699 14348
22704 24379 2469
10742 7491 28109
18256 14868 461
12487 7898 31564
27368 25195 26962
2812 18124 9503
14417 2540 29300
25607 1084 8577
31228 8665 4035
26931 14414 10733
9389 16448 6653
22420 3544 28578
1905 26539 29307
10303 14917 2160
30383 12641 493
7060 17710 23397
15260 24209 26202
2743 356 27965
2177 28414 21664
21151 7519 14995
18319 7170 28900
28216 27201 8777
7480 3335 32439
32130 32765 19624
14406 22206 5332
5575 2620 3103
22818 26821 18886
23346 7444 31406
10001 1407 26080
7788 16816 9055
17742 20026 23614
6414 19064 26971
29508 25089 28621
31243 15196 9850
10844 6070 19095
20313 32336 14696
28957 3125 15542
3205 1299 32683
20103 9146 9666
1526 12514 4659
14837 18880 1689
18190 11682 6968
25327 15632 13005
15717 12704 21143
2474 7610 24610
24016 5122 10730
11307 20778 14295
14334 15219 1035
21835 13476 24763
29633 21438 3018
12814 4283 2615
32619 21575 27641
1797 24745 8147
22721 31398 24349
696 22164 18919
25195 17366 22368
2893 8729 2925
13815 29620 28577
21728 28864 30262
26308 11705 31916
6990 30754 26092
17516 21309 520
5472 10210 18349
27529 6827 4053
28821 30160 30494
27112 28764 14260
11265 8397 31553
30605 32031 25782
19962 22342 15494
22540 30619 1716
904 29796 31418
28710 32005 15279
2513 4926 9453
2480 25315 511
8448 6580 3683
13350 5848 5245
1361 9406 9002
14975 678 28143
22089 32335 1010
22295 23019 9048
15684 2332 9264
13520 1098 23808
23520 26858 30393
30901 20980 17485
24559 11827 13401
4550 8664 20681
24048 569 9486
29872 26585 2270
5188 19686 24561
18345 26340 6969
18585 8202 32503
26274 17850 15319
24134 27605 6918
8839 14014 31766
24448 11936 23065
15950 2622 30578
19643 1630 15469
774 32730 14003
27799 21586 30434
24603 22305 10670
23576 5079 22552
32652 18557 7153
4653 11107 17141
3536 1789 8940
15016 27401 1174
17297 169 17528
3127 11811 1238
5008 5720 2763
23039 15855 22506
18755 17738 30517
27872 12613 23765
29975 3054 22340
31134 10671 10129
18779 160 30742
8271 2179 18239
5941 27712 8712
5862 5848 22477
32062 5103 15108
17336 12656 3011
8587 1117 30745
28226 26077 17975
3926 30309 14113
7077 8348 17953
5253 6126 32678
31119 9170 7043
21938 30027 22083
13701 3309 29722
20375 16007 4140
6095 17253 4245
13020 367 15536
117 21820 13459
955 31788 6346
18958 5662 29381
14586 13776 25882
26957 23598 9226
20010 24866 28899
12691 474 29550
27432 907 19676
17902 30293 574
30553 15608 28409
15178 11909 3772
14612 12037 11382
7114 18055 3353
4662 12500 25032
9329 10263 5557
4314 2649 30790
3507 9341 15584
30627 11521 18338
17537 12496 10120
8993 6403 9608
31976 27054 19870
23091 9657 24586
18527 16311 9750
13686 2254 28560
10588 16493 16845
28195 2863 29586
19139 26447 29118
7912 11258 6470
23880 20801 19014
24987 20704 28153
30184 8348 30829
19171 24753 26337
28660 27268 16235
8485 4122 9855
6772 13909 25572
24145 4524 19431
11202 32318 6033
9325 4556 29323
26537 19562 29515
23278 15393 2404
25467 4675 1715
16186 19343 24192
12493 16312 19446
23787 9967 14441
17117 32395 13140
12972 7157 10460
27606 23050 19830
20167 14092 31943
9828 5584 11445
31415 21009 23442
21849 5715 13539
12136 3373 23564
1623 5230 3640
5088 19526 8104
26036 28970 7015
18048 22711 29886
16662 29046 31762
13621 14931 10003
889 390 7182
25374 3045 4567
20642 28179 25911
14994 20127 18641
7966 21946 11468
147 23866 22144
14188 32545 13954
15121 27329 11080
9187 20659 30415
28039 16937 32272
12386 27915 27427
2001 4946 6366
27138 879 14854
20827 20227 27718
28215 17893 9806
3820 14070 23256
5661 16064 2033
11200 10272 2502
30194 32201 16929
24242 5288 13943
4580 22850 25002
10903 28753 10449
24761 22902 32724
17706 19781 26704
2565 26010 1331
29195 24708 28233
4318 32549 17703
18377 27740 14828
7512 21744 30210
13037 29880 31459
9770 18862 4873
28532 29747 3488
