932
26784 9178 25808
19053 24263 22040
1847 21012 11393
11040 2238 6628
1315 20800 17801
6208 9494 29840
21857 29087 7047
12758 17158 8845
23647 12454 19911
2803 11894 10446
26961 16023 18947
22257 28613 16102
15192 9329 14861
498 24012 1682
4719 27319 760
22749 13666 5794
6694 14019 21665
9300 27654 6275
20607 22435 16035
14158 7034 16097
30102 31912 31762
15713 633 273
8412 7992 14751
24037 15058 6721
24322 22145 4589
24676 32637 7335
18422 10007 27196
13348 15769 18468
24176 14767 19899
24493 16711 4373
21261 2926 28699
16019 11233 12099
746 28547 12349
25322 4870 30268
20014 27913 23053
15667 16479 28531
15644 30054 4842
10407 6208 1018
27246 28314 24109
29474 16738 18102
24627 27204 4009
16162 21101 29015
4198 27972 24636
912 6673 13700
25843 13629 15563
16467 7380 28913
6894 16492 25148
4065 12265 28250
19226 20878 31051
23867 15013 30372
13853 3267 15183
802 12405 23684
13556 27580 17736
17516 21336 12926
7808 30351 12496
14001 21326 20006
6463 15362 25282
12248 31044 27873
15513 16185 19890
23592 19542 3473
10049 18941 14996
9694 5763 12281
22682 6684 5145
22666 27184 30147
14630 1429 16817
14738 23556 27232
25186 17547 25910
31920 7426 20031
28830 24878 23202
22091 3824 30479
2487 11555 15207
18164 24942 31246
22967 22799 28479
25202 20546 13960
8901 13906 4750
6687 19405 17941
12279 5138 16045
17801 15009 9537
4823 24615 6833
5520 12205 25241
8637 2445 7063
7545 29312 6995
16723 25948 4307
31406 8077 21519
11737 22655 5808
12064 1145 8546
18683 6048 23057
19343 16599 26408
30568 15358 20840
24090 11749 1743
25954 1833 15615
3816 12318 29724
11253 18656 29933
14286 27583 9500
22700 16762 21828
25911 29080 32053
22477 24743 2404
23996 27578 31902
17801 13168 7540
23343 10718 29855
17570 1458 10600
23301 15264 5737
14707 31379 11052
9572 6881 13679
15971 31905 19907
12603 21229 22392
25382 12698 31092
12598 8495 31728
23130 26377 11627
10346 21163 12572
12640 1087 23888
14082 11624 26933
7302 17240 28095
11878 6031 23206
21978 5700 167
14727 30202 24027
5946 32266 7938
20822 31316 87
26757 2501 32601
7830 23844 14365
24822 12 16663
8576 23127 4999
9993 12479 667
19709 18217 16670
31877 26224 19582
1623 20084 10260
3194 13793 30357
31668 23763 21873
3927 20306 31630
21186 6175 2830
15709 18578 13886
7753 30250 5357
544 26633 20468
9389 13509 32415
986 6210 18805
6792 10613 9647
26544 10386 4203
23509 10597 18239
22593 10996 4452
13166 14961 22127
17940 26680 15037
13263 25705 30233
12738 23307 32529
21840 26064 11271
7662 14216 9721
19802 20937 7351
7016 2132 12357
12103 17653 9792
19473 11124 20726
13030 32098 22005
18775 18516 3745
17886 17901 18398
8544 1477 6407
9316 24467 20515
10822 8659 19709
27390 29615 11758
19688 26309 21759
13903 12313 17532
12606 8104 24323
18200 2711 16975
29755 29741 4199
4090 23340 1990
21396 18119 18188
24468 5408 21887
5647 8524 25342
21787 29914 8266
30500 15239 22074
18042 3297 11175
4886 1144 8305
1688 18082 3318
19663 8760 15062
24415 15306 18664
31007 26041 23643
26256 21332 10704
21302 1764 30955
26001 22943 2278
27757 29364 32383
11180 27943 23966
32183 22628 10531
8069 8628 19861
19286 17365 25411
4008 14875 31954
15271 17062 6624
27519 23786 20803
26655 7871 17520
1308 17041 3515
23506 29757 11934
4483 7145 26598
29975 8696 26152
8335 26151 23017
2095 6953 6535
1660 7582 15271
32498 17872 17447
189 21209 30944
21992 9447 19287
3243 7671 20654
4455 24210 15166
16935 23125 16385
9609 3516 13682
23889 2269 23598
25100 3053 27404
18907 16797 17332
20358 19261 14915
18335 19826 15028
7536 16804 19453
29573 26339 21978
22770 7714 26583
28893 19852 4524
12922 21876 13704
28342 22944 11633
11389 22348 22713
8665 9584 26675
14336 15941 20643
22387 16630 9096
5039 23571 22287
19858 18386 17188
18603 28821 12938
22017 11335 12646
27747 30164 7669
15653 10765 4188
28937 1056 7089
20974 10774 7157
22149 14522 21785
3319 31903 27984
3059 3795 5895
1123 16669 30836
22031 3532 8855
26403 11239 5329
10529 24819 30060
30120 10158 30300
9537 11319 28438
10022 9505 30
23051 3720 24947
12791 21838 6802
13087 3548 14370
21192 7073 1834
258 29200 1884
16773 19087 22478
2608 11037 3276
5197 19022 3119
32397 5217 3403
12238 11053 12362
7028 2531 4224
8668 28002 32371
22792 9693 22478
11808 1644 19631
10662 27635 8229
15918 28767 16472
14971 29916 22158
7530 27056 13372
20658 10353 30075
15995 3156 15529
24760 3413 21843
2886 6493 4663
25977 31924 25776
16801 21073 14115
23479 28111 3389
28227 3056 13464
10691 24652 4163
1174 24104 9282
13877 32135 29248
11639 862 12275
4228 10321 12061
16 11621 5197
25738 12258 30944
16196 24748 21670
3667 1518 16621
15217 22159 32164
5578 277 20526
27498 3535 24900
12839 11308 19651
248 7327 29256
17184 14353 19458
31821 6598 7744
595 10498 1519
24357 6848 3243
6502 6580 31610
27527 25332 20189
22979 15773 29467
9068 1097 8121
6407 31022 10162
21937 27586 9045
16760 16876 29607
14877 13559 30245
2073 20912 14020
16749 13685 6215
577 24431 16196
8083 3438 11512
4790 21851 12034
1463 15692 28518
27323 12097 15316
20123 22514 30039
13722 7527 22130
23404 30685 11615
1418 1890 17792
22567 12641 18837
20226 26514 10890
26138 26288 18698
15320 841 17689
4147 12916 24952
29123 3275 11308
16394 9244 30677
8206 5033 12467
31734 21814 29135
22184 7455 15332
21899 354 17260
23762 8578 21119
27980 21188 820
2065 19683 608
7040 4871 21676
1088 4202 29161
30563 30022 27677
9161 7970 8495
27948 18294 8138
15211 11293 15090
10404 6700 14888
20262 31048 10174
7484 25557 23998
32278 19779 32719
13796 24749 5799
14695 3087 2191
1557 806 32501
30382 16769 12481
715 16509 29290
18505 15786 2746
9567 29602 823
9867 17090 9782
13187 1229 1228
19178 304 29609
3793 3666 25302
23144 2501 6432
13220 26504 27136
20195 18251 25871
16958 25838 29975
10015 18410 26005
24159 18635 27804
29600 29728 11049
12512 25081 32741
27304 5177 29608
13290 16036 18021
22529 1664 30520
32227 14108 23731
3412 6067 25222
18475 30991 25693
32310 23632 16958
17972 13763 24242
32581 1244 20948
22183 13869 31242
16855 16438 21495
31627 28150 26163
11824 9864 25926
10156 17094 28680
15426 11396 10778
7862 12153 19806
28502 4581 24195
12988 17153 31185
13113 28520 15313
25895 18726 6676
6592 18376 26936
10813 16225 24266
28091 7253 21877
5568 8840 8480
19642 20796 30074
23647 12803 17042
2850 30380 2189
10462 3004 1701
7825 9032 15457
5452 4118 30854
14462 16814 27657
30627 24452 18371
12175 22015 19169
28310 2970 11928
24624 8613 10427
1671 21420 14731
23863 31438 12011
14300 2396 31568
12233 31313 3605
14113 5026 10533
4541 7680 8900
25790 1841 6946
4131 30352 11049
27954 335 2367
27592 16277 21156
11267 28273 26866
27584 9553 10205
29426 14395 22712
14954 20292 6290
17417 3766 24037
24419 22458 23149
10398 12000 11916
2399 30670 19070
26732 15574 9321
12525 11415 21798
19265 4685 5890
14725 17796 30367
5369 21021 2694
10361 29958 26720
24257 14334 11796
24988 29723 10766
8660 1999 24423
10170 24160 21692
1837 16891 8991
29502 28590 7587
11496 27357 2083
7059 3434 10655
23878 20783 4555
24608 21779 25871
31887 25573 22480
9207 5820 3054
2635 25098 23611
15242 32099 31802
18306 3952 30409
3587 112 24842
14088 12121 29304
5140 24771 20191
3586 25190 25918
31833 14606 6670
6689 14180 13083
418 23672 5733
28743 22229 25853
22975 12215 6983
12698 16201 20793
9122 10282 10751
11816 7394 22144
29175 31121 31732
29610 28823 27539
2947 1654 7430
15372 3087 21814
19680 12402 6719
705 27950 16638
20344 31930 18325
6416 20654 7957
10189 30415 16250
12502 30037 11791
16749 7708 5477
21113 4517 4959
10533 19685 20637
24054 31772 24587
1609 13788 14059
24667 2659 21683
10811 9001 18176
32265 17908 26893
2406 23771 4271
18314 21793 23127
13167 21997 27988
20966 28043 8568
2126 18026 1263
11456 24925 31940
1669 32340 7399
8090 27373 671
12982 20567 29556
17680 21140 18803
21316 17528 30488
30196 30936 26291
6847 8757 2995
20362 17214 10726
29266 7896 22295
18260 29791 23020
29035 26602 19751
1071 10255 10744
16974 11014 30690
26548 4801 26874
19293 29567 20973
9239 20331 26985
815 2961 2683
14838 2443 6318
27092 21027 16288
5855 14633 1188
19419 30512 14446
6256 1260 29411
17386 8319 31350
16728 17036 210
30219 25905 20098
17589 2135 21683
19464 10817 30363
366 25214 1828
7262 800 3006
27301 5471 27095
11692 8418 17357
31574 29199 31580
1722 24506 20639
694 13518 349
32606 30138 12088
9211 15660 14749
8426 30483 10902
8068 15878 10128
9456 9030 6035
13481 22435 1908
22389 3078 30663
29335 30876 12580
24053 29112 20347
29690 29270 1062
30396 31453 7936
5235 29746 9121
15491 704 10767
1 11454 9274
26711 28992 6136
23525 12948 10001
44 12441 3532
1461 7843 1098
27312 14179 16328
20620 22 27884
4409 3157 10665
4511 5658 7941
7903 30314 13742
1189 5676 14403
6184 1900 10358
26054 17854 12936
2248 10272 15360
25115 25674 29483
28008 5251 32369
218 24370 24798
23923 7128 22893
14029 6910 32108
23891 19321 11561
17056 21974 22484
15275 15522 13947
3106 21834 8298
31851 23735 6551
22941 17864 3074
10969 1202 29501
5578 31815 21587
2009 24504 20602
26118 15133 21270
31777 18956 29011
17366 16631 17033
3618 18646 21746
32230 21856 26978
27069 20596 20007
17403 18537 12626
23595 4694 21856
32400 842 11944
4250 19604 2405
32289 26131 17597
27247 25782 25212
22343 21187 9764
8240 17519 5051
22578 107 16599
18046 18998 1206
14635 4377 1498
23718 30981 16850
19744 31686 14606
13496 14756 19410
22631 14207 24866
20262 17735 24459
9015 18293 22757
1611 1132 13502
10904 24520 14960
16508 7740 24446
19877 26910 12761
24426 29662 438
20095 15716 2152
23029 8308 25263
17735 8791 14994
27087 8641 24731
2282 22170 31265
2166 22189 5266
25781 3208 27469
12146 22553 31631
735 31239 1719
32219 9668 5953
5007 18178 9096
6538 1076 20436
13578 11350 5143
27793 2525 31740
19720 4954 17647
20420 2298 26342
11368 2625 16647
22902 4309 993
19892 31755 12166
29634 31861 19926
5172 23239 7796
8176 15848 9452
29838 24907 2839
29910 7326 26345
12562 19887 25599
1099 17054 3888
9036 2093 2526
30719 1898 29040
14714 8764 27593
28760 14586 11862
10726 2039 4211
4132 533 25577
14182 12849 381
13890 19173 25431
2404 12741 28407
17039 23469 29783
24382 7431 20638
30131 29399 29301
6631 20062 6018
5036 14048 27358
2051 3948 32275
32551 16840 24959
24570 20054 32203
6145 18186 6817
12474 25344 14576
20878 22102 16965
7450 18532 3097
17776 19577 7391
16155 4683 20101
3624 28982 9560
26498 25092 22888
172 23554 10828
25466 15616 3500
32413 21215 12550
21819 32336 3295
8953 15818 11949
19957 14456 1358
2395 20085 6292
1636 20251 6769
29736 28493 29367
8414 26729 27190
12340 15859 28605
6845 9295 17618
21713 5298 30760
19562 23525 12314
30008 17308 5739
24186 5512 4252
5329 25938 25637
16283 27291 8679
16847 1187 14516
14917 25073 5314
12806 24453 5078
6762 20040 1356
11289 18712 7959
12948 8797 21556
31561 20399 14143
19768 29822 5512
13961 11541 19191
557 10664 3283
21420 30346 3681
20855 1176 24951
26047 20265 7000
7158 12112 10134
4596 23221 9361
26516 22013 22747
18598 10244 30168
8193 8270 13821
14425 4477 9751
1575 21140 5351
20174 30564 12271
4054 12858 10422
124 2795 11274
26205 390 10257
2315 29247 13418
19970 5278 11149
30632 11534 6762
22948 13882 280
12366 7729 8485
13537 23705 21145
10061 19081 27774
21656 8077 11602
3778 1576 22791
20648 1720 1188
1465 16478 2927
23341 13138 1595
10026 13389 17987
2229 11024 20186
11032 18172 2853
14877 12809 5690
13945 7476 18636
17433 16288 3509
1710 17031 26977
14740 16098 16566
27570 26695 3353
21862 1253 5927
4179 7782 11036
13594 18420 31064
29186 16751 18202
14774 30909 21001
12846 18 29726
17600 15033 5794
10523 8196 3449
30459 27520 26307
26293 23837 29921
25485 16589 2992
10195 12023 20757
9613 4956 30013
18147 16512 19111
16171 231 5452
25852 16957 11451
28912 14832 31749
1211 19241 11737
7373 8215 9784
8837 1406 2343
7141 24620 23744
3582 15300 2722
32611 32577 7863
30417 20478 20794
21428 29799 10709
21288 2505 24524
31488 28889 7005
4183 18890 12923
24248 30401 10584
28336 24518 32730
24971 25312 26391
3962 20006 9683
29227 10171 14644
10367 237 4197
13476 14622 23677
4778 14135 15492
15154 7444 156
4528 26080 25531
2265 21409 16982
20667 32492 28011
26411 22757 6834
13449 7355 2229
17929 32117 28524
23940 24881 24182
14134 16127 9849
5305 14434 11480
28951 16292 16785
29884 27479 26215
27393 1156 26616
31700 23308 11439
27346 21616 13297
26384 9405 17098
3799 30148 26287
19979 10255 28263
20516 14031 8346
1415 15555 15923
30955 11865 13630
25391 10477 25259
26490 2599 31048
10010 27120 17084
481 8069 20051
8168 29087 18370
18290 22090 885
9359 26209 5310
17565 203 13011
19249 4129 2790
8907 21428 25504
26262 13684 12750
29007 1739 13644
23575 4926 25574
25992 17410 989
25125 7861 4091
32702 31842 7835
15282 13468 1790
3942 4790 8605
7960 2568 14661
19668 6658 6105
14179 29194 2293
30592 14889 3774
9475 10519 32608
28522 14158 1418
8014 8712 20856
25920 10448 29141
27226 6654 17321
20565 13049 16392
19738 20375 14261
10889 8883 4538
8644 28468 3944
20912 11487 21804
3815 26946 9531
11041 23337 30804
443 18620 30791
4459 28260 16190
12944 3948 23313
32100 17112 30887
25192 27277 3346
4883 7436 15646
11554 3547 13588
4134 17900 25626
19901 31806 18097
23779 4955 14260
6811 19589 1942
488 30358 31501
24018 24053 14690
21516 31727 24724
4582 17306 29491
5438 24520 25754
1412 16017 570
25664 2779 30197
2327 16081 19189
28287 31790 14762
8012 24342 11486
16004 28997 22484
17891 31734 26795
1710 3439 28475
24156 12120 3452
15158 26434 23139
5729 28851 2949
32681 20388 11248
32255 12266 19216
11100 26609 439
19975 17310 7412
17807 17689 21721
19250 17737 5589
9519 31701 4785
17118 17540 30656
10614 5698 23940
25725 26692 17928
6119 11639 9517
18184 28659 3434
24909 16896 10051
19479 24494 24291
13000 1084 9065
23156 18957 1475
6414 6676 31679
10298 28486 12760
27500 8579 25271
4319 7307 13517
296 18403 28349
19907 10214 7693
12114 23554 16742
26638 25615 721
1579 21867 13102
28940 17642 10264
3239 30050 30189
2633 30894 8897
7605 30341 12157
6413 17123 26108
24147 17944 31577
14618 15805 13007
21660 3676 23828
12465 7036 31587
18247 31622 18168
23623 25818 9037
2652 11565 16175
21110 21164 8732
2309 17489 13125
28940 4158 32711
1474 576 31973
10824 16669 31446
367 1796 19478
21917 24641 30302
20185 32294 27251
2461 18395 8734
23508 32485 26629
11482 14382 14695
31252 8500 3531
2516 22848 17814
16695 23319 15131
22100 17992 5955
20669 12863 27228
22730 798 13687
5090 15345 20163
13952 6940 25728
669 22936 8226
3006 26158 11848
555 10908 2797
19258 23560 5169
19692 23626 10737
5222 18104 22239
31876 26355 15488
18556 23819 6794
17018 29586 18174
13393 8835 11929
23241 10134 17670
14686 11726 30143
8478 31903 23470
2687 30719 26581
15556 10320 24466
24913 26099 31005
24671 31882 21922
5950 10928 27318
29188 8874 9971
22935 15517 13928
25953 13464 24322
21063 12509 31768
29920 3279 18719
9990 14143 8567
2065 17070 27912
12057 30329 17618
17605 15010 5081
17405 31657 18958
21907 2580 30160
11156 8529 13614
11207 15645 18084
23205 4431 18427
15340 24686 22878
17624 8823 165
15207 7148 21997
11116 7643 13684
2795 15094 18928
28255 16622 11743
3233 17738 2931
23487 26870 21422
30300 22526 16261
26456 2454 30442
3897 20506 12281
10502 13138 13761
1391 8357 17069
2630 20569 30136
29766 27721 10798
15333 11515 3514
7013 16089 6803
29402 11926 22750
32766 7522 16092
6064 5854 30721
1405 9100 10823
5644 10957 7307
20163 7026 24143
25134 23450 24814
14878 31034 2384
10368 30091 966
22894 30237 11016
32658 11142 24742
13637 16026 9073
28439 26520 19947
17627 22017 9634
16054 26626 10554
7728 1443 27578
21970 11615 25703
18613 30794 10756
4505 27137 25345
8778 4801 28370
26863 19357 31923
14722 16533 10695
3611 28630 4916
12633 22616 20611
3134 26957 27278
496 32010 20457
13046 15934 26827
1767 2681 134
3267 2770 7806
5985 14516 31155
11520 16558 2968
11501 18147 12943
26769 10854 3208
13749 14371 12519
6303 13534 18849
25542 3388 26011
26853 22978 30509
28247 31812 4910
31628 11669 16066
6994 912 1657
27265 22798 23208
22154 26496 21184
29387 30902 21122
26984 17161 31127
