554 291
2 367 441
3 167 466
3 553 451
4 391 869
7 464 222
8 398 679
11 324 105
13 494 136
13 495 564
14 378 390
15 423 156
17 380 17
18 77 632
20 330 896
21 188 725
23 84 917
26 363 578
26 527 202
28 451 687
28 468 515
29 115 705
29 199 126
31 332 319
34 481 33
36 373 633
39 543 525
40 342 945
40 423 629
45 214 540
46 298 351
47 297 572
48 147 598
52 214 835
52 219 665
52 520 922
54 494 332
55 119 985
55 336 949
56 276 806
58 86 761
59 28 154
60 133 105
61 383 326
64 488 746
65 119 497
66 548 739
67 367 163
67 441 857
69 487 274
72 10 878
82 77 364
82 220 769
84 351 864
85 55 529
85 185 332
88 290 524
89 55 880
90 529 830
95 418 903
96 497 967
97 33 448
97 515 606
98 159 510
99 101 568
100 410 900
100 455 849
101 91 491
101 204 594
102 150 623
104 359 256
113 538 127
114 131 998
114 199 567
114 313 585
120 507 771
121 114 195
122 354 884
123 59 180
126 313 113
130 213 126
132 517 580
132 518 184
136 308 32
141 459 135
143 395 838
148 197 406
153 53 544
155 393 210
156 213 26
158 440 68
161 184 189
164 269 531
169 538 714
173 406 466
173 539 297
176 468 321
177 440 44
178 439 185
179 421 315
179 459 757
180 81 743
181 180 707
183 50 996
185 535 373
187 210 730
187 492 24
188 295 889
189 521 829
192 53 374
196 41 387
197 75 998
197 454 910
197 457 599
198 50 201
198 209 103
198 210 93
198 236 110
206 171 696
208 174 791
209 260 176
209 537 592
212 134 454
212 400 150
216 433 792
223 207 168
227 406 298
234 434 957
236 314 231
239 341 596
240 401 197
241 486 798
242 294 939
244 437 500
244 550 809
247 403 748
248 50 734
249 93 431
250 451 386
251 46 179
251 510 329
252 388 579
254 275 190
254 285 444
255 196 772
255 383 619
257 84 840
262 461 93
263 231 338
267 83 454
272 520 3
273 519 440
276 168 826
279 239 958
280 443 496
285 338 442
287 130 910
289 389 197
290 118 195
292 444 986
294 425 787
294 465 8
296 430 652
299 332 241
300 387 209
307 143 281
308 282 529
308 500 193
311 326 838
317 356 174
318 118 197
318 459 718
319 201 126
321 235 656
324 272 412
325 86 554
329 390 390
332 271 788
335 76 42
336 134 31
336 436 108
341 43 192
342 202 130
342 507 273
347 191 738
347 516 161
349 222 1
349 447 557
354 454 318
357 64 676
358 21 120
359 451 558
361 499 855
365 402 655
369 143 933
372 128 258
374 204 916
378 406 554
379 51 767
379 210 613
380 293 24
380 446 797
381 296 76
381 435 948
383 512 396
384 331 730
385 362 748
388 279 838
390 23 292
390 415 174
392 453 580
393 41 378
397 230 860
404 509 612
406 178 545
406 245 805
406 272 547
408 181 159
410 370 607
410 399 95
410 443 201
411 118 298
413 279 27
416 56 585
421 127 419
424 241 771
425 99 197
425 190 300
425 406 886
430 216 484
434 303 558
436 81 759
436 163 546
441 247 580
446 497 883
449 16 622
450 346 329
451 269 5
452 466 86
454 168 339
454 337 917
461 23 711
462 436 522
464 15 841
465 419 530
467 349 83
467 405 174
469 555 494
472 57 797
472 301 35
478 485 453
480 517 493
483 233 224
484 275 989
487 411 273
488 484 446
491 10 48
492 290 39
493 123 164
495 306 658
497 553 697
499 56 585
499 543 930
500 93 61
503 15 708
504 57 673
504 152 97
512 406 804
514 273 65
514 532 182
518 189 249
519 134 515
519 465 21
520 78 38
520 555 708
521 291 28
525 521 805
530 52 205
531 271 349
532 299 271
532 400 145
535 319 528
538 393 774
538 400 234
540 12 534
541 289 221
543 525 879
545 19 938
545 107 485
545 269 743
548 124 588
552 40 726
163
