818
11037 6524 2792
18491 17900 11408
5998 162 29967
16217 696 18199
12018 30507 792
17851 19971 31301
17693 22760 22270
11527 1024 22029
29806 20319 318
13497 19313 3717
8071 19957 3515
24296 9431 9687
27869 12904 26595
29524 21191 24261
27830 23126 908
18519 13468 3086
3174 9472 17727
16780 9210 27488
11024 17549 24541
16967 31464 31380
25430 1136 5871
9788 27494 11372
15038 21196 23557
15580 4800 7692
12975 30947 25310
21591 543 219
91 4850 23387
10055 8956 25756
18416 4617 20845
3174 14719 31702
27872 29381 4728
10726 8183 26854
11302 27120 13540
13889 32236 11349
5839 9329 18894
3740 631 32067
29234 27166 10781
12045 23784 15106
20638 2881 1897
29548 8159 21313
12380 3826 15981
1909 14943 31312
26725 11420 11267
9052 3986 31583
28952 17724 18134
11820 16684 17622
31947 24897 20302
12680 18857 14599
10008 15897 21611
17058 23276 17904
4909 17094 26493
12932 27353 26316
28817 21780 29186
3077 15110 2200
23312 4430 2067
12279 18846 26340
13777 25722 5920
20602 18682 26753
19145 3465 17392
12917 18604 23528
28417 9213 31777
2204 30185 16757
362 753 32408
32156 4758 9674
7478 28044 15270
11061 18789 30960
6639 32322 14534
23153 10943 24342
17086 1137 27971
3387 12666 15868
23464 27706 9264
3067 32641 22124
26280 15019 9577
4621 25084 6990
29673 7314 2716
18977 27036 16444
28564 4237 1680
10222 20242 14241
9456 25916 21538
24256 17632 7364
25021 10903 20393
19649 3842 24658
5654 25053 14531
16656 3614 3655
19523 14740 5058
5894 12094 14909
12601 2957 26922
19256 12875 7055
29117 12532 1787
32532 18607 13526
14696 9421 15041
26159 31477 6820
30718 26475 3240
25752 24385 7051
1744 13768 8951
18389 17387 16333
11046 32201 29382
3149 22703 24920
5094 5325 3536
8017 26151 3271
8172 10268 1699
4605 5775 682
18389 14092 23469
19372 1023 7236
16682 13571 28360
2743 32671 6520
10794 17808 4700
30894 8843 1447
5289 28500 30250
21330 1106 32671
27581 12925 3426
15864 15449 21757
17198 13810 13457
18209 27285 7038
28898 19082 14727
7266 14671 21309
12228 26087 16456
23287 27878 13010
18640 32449 10146
30102 30687 6851
10827 29384 21765
22621 30871 24531
15953 25204 678
23021 21361 13322
2368 18762 7194
13586 5983 1167
28075 6530 13549
18569 21517 13993
14030 22559 477
17091 20513 22661
3021 13003 18627
15795 29511 10896
32021 23318 17492
13067 2816 27781
19133 10992 20534
11126 8816 9603
7610 17522 10020
11181 17570 16582
1856 4943 24604
14460 32249 24790
175 24713 30907
26384 7363 18760
11211 6462 27236
24871 23082 17258
1603 4001 21692
7418 3069 31852
29865 27014 928
22259 5380 7143
18540 12806 20395
12176 19670 18384
366 11298 24531
14858 22899 1850
22354 8815 30680
22669 17418 1904
24475 5176 4727
2344 16311 16209
15647 23186 22416
21186 29722 23290
31377 16471 24017
25521 30484 19989
21766 7685 25730
15310 18453 30064
7355 26354 7545
31248 25784 24744
16785 18263 2159
10781 16804 17156
28150 2844 6180
18514 25580 14048
3631 4975 12053
13094 22107 303
6980 13702 17587
30466 4990 27394
18429 1828 1372
24032 2111 9491
5041 28085 20097
32326 23661 3523
6611 19228 21953
15748 1426 11283
1668 28551 25832
26426 7638 21115
14226 6633 11779
12426 23526 12975
3754 22760 8724
18316 10782 18347
9388 7264 14860
32733 2656 28068
14174 19407 5388
21336 352 22449
8691 20540 33
23136 32587 24899
17949 16511 15101
8517 29976 3529
20134 21748 27213
26789 19681 29457
30152 1019 29640
31968 8465 23367
18616 15065 18698
29932 8533 12704
3866 7882 15822
25399 25995 22802
22627 12403 15153
25433 20004 28332
2637 8172 17659
1465 20144 16740
29420 10779 10020
30330 27292 1913
9735 2076 4368
28493 5433 7616
8376 24540 12601
7160 23980 30571
8074 20806 24373
10160 9308 25906
4751 15751 23400
15771 23277 4326
30748 20043 29374
28947 20728 1742
29231 8468 14904
21123 7921 30824
29619 24307 26940
31732 11779 7266
14868 832 27366
11428 30411 15843
15588 13362 24007
11580 10802 16765
8325 26211 14039
16002 24286 12383
23053 8351 26505
21146 25322 19109
25058 10130 4159
21806 17641 18384
24513 12593 16270
24862 22630 22739
30252 3573 21522
640 14675 16693
3187 2619 6602
6680 28457 1330
32212 13417 32043
13206 7091 18673
14694 17577 32107
12851 27303 8473
29128 10585 13498
12172 3746 20333
19668 18300 10336
22220 19758 17989
25275 24792 27635
31356 16069 25582
6492 22915 18985
11672 18713 13146
21428 21763 27380
22712 18708 12723
22193 26459 8672
10869 12088 12444
31705 28821 246
28230 19568 31570
8064 14760 19336
22415 1657 30953
31612 8139 16823
13980 29284 12371
8353 6036 18580
27574 14555 25338
20582 9082 31782
20636 31546 30989
25985 4488 4026
19198 404 18138
5475 621 22095
23250 6465 21697
28111 28714 12281
19865 2177 23462
22797 13572 14985
23532 10076 9716
30821 918 21224
26864 22221 2438
6108 26378 478
29561 1742 18705
12152 20191 10817
5895 4325 27627
9582 27605 1979
20198 12356 4414
8707 19400 5293
6162 8602 9
4371 16548 4824
7861 17443 18301
13936 17087 1488
27218 17047 15255
20891 14644 16233
2046 9746 2055
648 29466 32151
5173 3590 1989
17507 12964 22149
20011 28619 6629
13468 1940 6849
7342 1405 23678
19357 26762 16085
12527 18206 7375
31220 4873 5291
19920 14894 30687
6111 18517 29313
14983 25413 10568
3704 4465 10336
7601 590 28150
26863 24293 9815
31284 19822 16121
24988 10522 17632
22909 26565 3263
20940 15463 3645
26360 10374 7502
31888 10281 687
28377 15384 20571
19455 27254 27352
26255 3138 25167
5544 31314 12961
28538 32147 25490
9763 20591 19581
13488 16244 3008
32008 4822 4068
11012 31161 26763
6578 8724 14167
9861 23947 13947
20116 1726 24910
31527 22768 1482
5138 13413 5337
1639 13162 14348
5399 21334 5608
7671 32615 29545
32479 21689 7782
990 24429 28301
19121 3307 10425
14988 28491 1178
4986 32291 11583
29655 185 25283
25222 29127 22487
27610 6186 26972
1489 2307 7084
23847 451 6265
18340 7533 31403
28114 16295 9340
4720 12522 9069
3391 18979 10525
32051 22545 900
18617 28511 29135
15304 3250 25955
12593 25497 1176
19427 15962 30815
5831 5146 6317
17086 21726 1658
12003 24159 29810
10386 15706 28404
16387 14901 26288
9846 5166 3545
14993 177 15653
16445 7885 22531
18525 4943 20142
14177 7814 28748
25736 3482 31168
21801 8593 9696
3084 12594 26611
2436 27136 29937
6944 12033 3520
22865 23142 6716
1577 8707 18883
21002 9807 24353
23802 20211 18730
29201 22758 18230
32140 22957 32527
31756 11862 2464
6011 27697 6892
20755 19655 4001
13286 5258 3702
159 12297 24328
28040 13820 28021
3706 10062 12950
29471 8018 21118
19999 9858 23411
25219 31520 2450
28749 29974 11837
5362 12361 7698
19130 614 871
9604 14398 7051
19237 27650 1495
24774 15780 26943
15935 7290 31750
30940 20830 13950
26650 27008 14095
23502 32059 554
12071 20096 12405
29126 17076 29178
7146 23807 27266
26467 31092 32341
32484 20055 12428
3183 21680 32223
31595 23218 11148
18848 26478 26642
20840 10066 13503
20520 8012 18548
22834 21125 13140
31806 10861 25671
3065 28120 29516
32746 26769 4809
30852 10080 4889
23986 12422 19555
30515 2364 12966
4874 10859 3919
8572 8858 18878
8325 5258 30879
20573 12254 17696
29244 19374 26293
637 32704 4244
5362 12599 13945
22000 29058 23005
13517 22632 16132
2778 3206 27495
10437 4508 10094
7012 27631 20214
23068 17768 8445
10947 6413 18378
14706 27341 1015
12349 1483 28909
15193 2830 22450
9331 13399 14246
5236 2759 32453
26198 19381 21329
12674 9044 9827
23191 28935 4864
16872 26789 17471
17260 19364 11954
11162 14108 28826
18432 11869 3338
30057 16900 21052
27117 2687 28615
12586 1723 12425
3212 8560 2157
16685 29107 9212
1282 28668 25565
3324 22982 22434
15185 6828 14036
26464 27551 28268
986 17597 11907
7190 540 30072
22027 17294 20412
26048 2556 26779
12344 7847 29811
31989 15924 16597
8648 20639 27258
6009 6071 23670
27711 22406 26562
6923 1704 24347
16593 25518 18316
2370 17436 31691
9084 27102 8522
21114 4864 1503
15834 6737 5412
23480 27587 13692
15155 20499 29527
10256 8643 21187
29805 1181 31473
20474 25279 1795
3566 16828 8593
20870 20411 30099
660 36 31024
23173 11273 1573
15939 27459 10793
2549 2695 2211
12229 13103 26355
22608 18986 7930
27877 31680 3143
28312 27238 13159
29970 9276 7088
16939 5415 16924
7662 9495 14258
24520 32578 29523
4752 10682 4108
31316 16817 32558
22890 27216 4545
8756 23803 9973
24071 11779 489
4186 1421 18320
21286 22582 15233
15455 29429 14160
14043 921 26541
5942 1344 21856
9657 1074 1318
19551 31460 31610
19258 17829 16084
27047 30462 29363
27859 28008 15031
20947 2774 12920
6790 172 439
30925 9941 7444
19142 7187 13812
10277 5760 12120
24836 8083 20638
265 18453 16700
9554 6941 24971
11521 27597 5008
22726 22741 6660
16659 16386 2835
9652 10242 6523
20245 30371 13206
31701 6146 20010
3932 21948 1511
18416 13541 5320
266 22520 447
13219 8059 27102
27045 29549 2283
1373 6387 17503
19649 7189 7005
8623 24171 25739
23263 25780 11250
26226 2807 21323
722 7209 21523
28025 14088 19844
21317 15954 16492
1999 16958 13337
16961 22288 23418
17320 12555 9357
20152 23314 2720
24206 22957 26504
21634 19812 22777
29305 21612 14762
25946 6653 14123
18379 20768 26740
6575 11461 6625
20330 10338 8236
8813 18879 18617
12145 18692 26884
264 22116 11719
21031 4762 248
15725 27987 31233
23110 21559 19730
18859 3285 3366
4277 4790 22553
4459 17909 20485
7993 31775 3546
1940 21782 9780
2268 5640 27016
28332 20041 22667
7146 21256 29414
10454 22234 27652
25305 24463 31034
8833 4806 20694
12410 12483 19513
30491 18458 17372
6468 16434 4714
20840 4969 12457
20117 30075 6585
20825 12253 27864
12862 6971 27176
32612 6807 21885
26556 28378 19426
6613 3143 15807
30175 29462 10530
25241 13649 18945
1750 15196 2472
5213 10208 21797
19934 31306 10417
23594 14495 26066
24825 18417 10156
12481 10789 6081
14977 25782 28454
13143 54 16763
26997 17369 15523
32146 12116 6416
2247 29968 30550
28369 21099 15023
13601 9916 32514
16158 29555 18986
13780 667 3939
26720 5467 1220
14570 9481 22509
26282 23713 2787
11164 29480 23244
30392 16731 371
12184 11920 22370
26097 28833 31013
17107 25935 17335
18839 15517 24014
13026 21345 30112
6877 419 6796
13843 1773 26493
21538 3107 12161
21428 10982 19933
20356 7765 15426
29262 21472 19062
24961 1513 3660
15807 6462 15913
2661 4394 9500
28791 14593 24326
12216 28749 26048
12866 3804 6300
10980 31464 30198
1131 22370 11240
11464 15041 31544
26135 7776 20934
3586 21623 21579
19749 25544 7609
12806 15284 25627
3840 1205 22615
14176 25576 15127
12834 24171 20423
22970 8125 26704
11315 32619 525
14965 28868 3569
6672 7916 22554
19195 30217 3328
22050 3414 14814
24590 17302 19043
18110 28823 25283
6089 1542 17298
8591 30055 23398
17415 15546 29581
576 15065 10340
2411 23120 30948
25040 12233 26514
26439 3687 5113
2400 29187 3072
30474 11483 198
22110 3391 32397
29185 26106 29119
24397 19520 27651
654 8290 6587
4004 14524 19179
8744 4229 20701
30334 30420 29332
22457 29455 1266
5893 28484 18963
8755 26263 24528
23270 18327 28954
18817 5738 28290
9774 2561 7666
17426 2893 10870
18782 9904 4876
27057 22663 8677
31133 13992 21469
23663 19097 12071
24654 11413 29692
30402 2666 18103
2674 31246 19653
14889 8913 29201
21917 12354 25830
15350 20413 8623
15220 22789 12961
30221 17786 10963
24027 16824 27829
16310 950 5597
17766 17276 10008
5847 6997 26717
12461 19640 20502
23597 24385 25125
28299 7639 5998
17768 6058 18182
22136 24512 11392
7717 19573 22267
22902 1162 25009
3399 26324 5358
11088 21318 29315
1569 4917 96
30487 9723 14115
25949 17421 150
17186 19763 19280
1978 19237 28
26626 20121 26601
31980 634 11709
6944 23714 13705
25406 16079 5181
22786 824 1013
2257 5497 19580
17517 10713 25930
13702 11285 1487
9950 17840 32048
3322 9257 3749
29705 30344 13175
23063 3546 31708
21865 24501 14059
24105 29754 5975
9214 27200 10311
31612 23275 28326
9679 20471 11912
22506 14327 16613
12747 26421 27921
28130 26163 14115
22557 13693 10595
721 2960 21737
9745 25400 12629
12277 19486 30393
25618 21821 5126
9976 11692 4770
4475 238 20237
11769 6477 21306
13605 5632 32397
1720 16174 8086
10994 25941 14901
9003 5755 17186
13782 3701 25174
15783 5703 15972
6913 1401 1944
13657 26031 26127
13880 403 7405
32721 28860 26601
8325 26738 5852
9919 23715 9600
31166 25907 19510
13625 4472 8855
31385 6561 11216
14884 18547 6609
30789 20204 30684
11666 5460 13329
17345 18218 756
9525 1673 28534
7779 25393 13304
26681 2852 2314
10836 18612 11593
11553 7879 18551
6382 8873 10501
11382 6918 28510
12846 2655 16218
18804 19190 22059
30670 12750 11523
28148 18662 32369
27543 6150 8074
26936 5998 10040
13318 30409 23018
14717 7765 18887
19309 17590 32671
13898 2310 26058
25856 10636 19793
9721 18315 14821
4248 10861 19855
29433 29758 530
12568 12848 32094
1448 28601 10086
25263 32279 10121
19940 29099 1282
17772 29071 20208
21406 26772 5216
5606 29637 8007
18452 7074 1862
24802 20517 22794
6528 26910 8184
16442 12079 22674
2392 295 2181
15993 12067 386
18813 28598 4163
3040 31852 20245
16096 31255 8920
27348 6100 24299
18574 4962 3680
29418 19695 20326
24605 18580 22155
20739 17717 3007
9457 20570 28882
20538 13508 28497
30167 13233 27154
2707 25551 22224
13538 7129 12322
29099 25612 4455
16271 1886 6734
16089 9174 31984
6555 19231 25013
6014 22710 16327
21270 9621 5888
7546 31111 22495
25231 6602 21738
3330 17535 27179
4718 5317 1933
16446 10174 11893
19681 23382 11896
18055 25388 21301
5088 14206 5107
22 28886 4623
23339 9201 7685
12419 15621 14586
22622 6494 11787
2410 2501 30014
16748 29827 2569
7173 4500 1230
27674 32058 5888
15272 11126 26541
24913 13820 19941
29786 26271 3666
19814 6288 23823
8201 24169 9043
21160 4064 26174
10750 30562 15804
13774 10285 19840
933 23689 22233
13344 26129 10143
32453 17 6501
8563 18969 5860
185 9549 22861
16454 2523 23374
8009 8589 2711
12458 18635 6032
822 8209 13064
25276 27205 24174
13718 22884 26008
16340 17289 5209
5262 26805 10205
18875 20373 8022
24852 18958 241
20863 24607 21392
31418 8823 11906
12234 28196 5424
16308 20326 26628
9918 29124 22592
30351 27917 322
22976 23652 3540
29789 7014 29901
8645 16713 14758
11585 22535 13284
1271 14382 28133
22168 22311 23798
20168 25219 21233
2359 28770 31445
16849 1872 16173
14202 1047 32289
12052 17146 18235
7698 17519 3997
30320 8022 10549
