794 294
7 73 917
7 306 53
9 97 696
9 446 425
11 741 318
12 687 368
16 166 323
17 181 847
17 339 897
20 152 551
28 411 702
33 72 782
38 518 40
39 593 509
42 105 574
47 642 874
50 661 521
51 606 444
51 716 132
54 721 585
55 469 372
56 149 389
65 690 214
65 787 532
68 211 790
70 347 107
74 512 350
75 203 101
76 361 415
77 766 142
82 366 734
84 222 52
88 191 6
91 792 984
92 308 270
93 568 314
94 745 13
95 655 929
96 285 790
97 698 632
98 456 161
99 486 126
100 746 601
101 545 695
104 163 628
104 478 512
106 410 367
115 224 611
118 251 359
121 145 504
121 287 191
121 554 77
126 692 466
130 155 619
131 82 724
140 538 296
145 231 642
152 114 399
156 424 251
156 525 354
158 764 597
162 420 376
164 524 740
168 294 123
174 227 402
180 689 158
185 154 350
185 348 583
185 466 529
189 558 584
194 460 775
197 522 333
201 643 329
203 334 839
204 672 146
205 705 873
206 579 713
207 379 198
207 449 410
218 46 319
221 212 267
221 515 82
222 487 721
222 535 353
224 249 43
225 32 252
226 558 818
230 125 813
231 72 881
233 569 469
234 215 69
239 414 563
239 591 338
241 772 728
245 723 206
248 275 152
248 302 899
251 75 116
251 77 362
258 33 869
258 680 79
263 309 931
265 50 263
266 415 382
270 297 552
271 211 412
274 634 562
277 74 715
279 108 963
281 654 337
286 102 636
294 118 915
298 36 942
308 175 64
311 32 244
311 275 815
319 269 141
320 549 682
323 113 557
324 747 666
329 95 135
330 403 552
331 88 287
331 766 790
338 323 231
342 286 133
347 706 717
348 184 106
353 206 302
354 32 620
365 405 400
365 692 545
365 751 467
368 38 896
371 45 334
377 64 785
381 145 467
381 369 590
384 518 59
385 283 883
389 700 364
395 385 826
396 711 274
398 608 420
398 707 299
401 52 359
401 654 956
401 664 804
404 636 120
409 305 693
411 183 508
417 243 283
418 121 577
418 559 169
420 180 790
427 513 506
427 527 718
430 85 980
431 766 886
432 314 1001
432 379 166
432 710 460
433 774 755
435 197 189
439 500 138
440 347 119
440 533 100
441 1 386
442 540 722
452 240 405
452 343 989
452 645 984
454 476 81
455 89 215
460 503 855
465 397 901
466 217 1001
467 586 164
475 447 713
476 649 137
477 28 776
479 146 194
480 117 66
487 451 193
490 175 66
490 270 335
496 164 921
496 469 449
501 450 92
503 253 984
504 794 156
508 658 11
516 472 526
517 342 975
522 399 646
522 410 855
524 165 917
527 18 575
527 24 710
527 149 401
527 590 184
535 205 650
536 385 896
536 708 564
537 504 330
540 455 711
543 136 471
543 690 55
546 144 721
546 194 435
546 745 97
548 58 836
548 687 432
557 4 547
557 786 925
560 406 500
562 603 476
563 704 883
566 41 426
567 71 772
567 683 555
573 87 311
573 532 272
573 682 833
574 309 902
575 729 265
582 159 961
583 533 797
583 544 212
584 8 951
584 22 136
589 789 557
593 278 731
595 290 668
601 5 256
607 34 172
610 24 974
610 267 648
625 477 248
625 709 629
626 608 351
630 252 148
631 247 832
636 362 394
637 182 586
637 768 706
645 401 339
656 531 146
656 743 955
657 243 401
657 356 984
658 583 95
660 413 158
663 265 256
670 146 538
673 395 523
681 208 86
688 645 187
689 599 783
691 177 217
692 509 347
694 396 265
695 182 183
696 427 12
702 15 723
707 222 766
716 315 949
716 537 770
717 429 253
720 195 277
720 615 144
724 236 734
724 409 533
729 654 571
739 457 567
741 322 983
742 495 116
744 246 77
751 347 601
757 766 385
759 720 73
762 674 711
765 305 732
771 487 779
771 624 539
771 705 502
773 163 28
774 104 720
779 596 830
788 93 886
790 671 861
794 25 786
794 324 960
795 298 251
97
