737
4471 18672 23801
22771 18035 31901
13644 13356 19829
19914 32363 21783
24344 32759 26091
2761 18092 18301
19400 32285 28463
29372 22267 17403
15481 11893 14410
25817 1206 26997
3940 32129 15897
7028 9773 23829
13519 29500 30295
17489 23858 12302
11570 10769 5696
10817 8645 10515
28747 20268 28957
31485 19441 5190
13541 9378 25935
9612 2103 14209
8050 21283 20146
19598 9230 575
29133 7222 11123
9539 2154 22429
188 32554 7343
10026 5706 13861
1041 29253 15985
31109 32177 21599
23664 16092 2796
25395 8615 23135
13869 10828 11012
30351 15366 32712
4799 12057 19072
5723 19015 21242
19119 28823 20604
4582 26761 6506
6174 6379 19704
17896 12933 25170
15917 17482 4755
15558 6712 23607
31720 19896 24533
1091 29268 4865
14729 4278 15762
10185 16110 16270
21811 20648 24651
17863 18648 4876
12392 16857 30884
23515 161 14211
12785 31065 824
30919 1090 27723
26608 8246 25209
21597 9943 109
25675 31681 28003
11488 15344 17945
25024 32726 13343
1687 12393 16821
19001 354 6134
21888 14533 7228
26420 3742 1564
611 8571 5085
27493 16308 15676
29622 10180 5910
12506 19923 5071
6166 16827 13774
2370 14287 18846
13116 29427 28941
26159 746 6408
12210 18136 32102
32103 2904 3291
18113 23662 5431
29086 11156 9701
15689 10053 20289
560 4781 10118
3963 14281 25418
25785 16649 1262
32436 4399 10694
16791 8275 28869
23533 23979 17602
26809 22163 3955
28277 16828 3957
17999 7583 20552
18932 13736 32594
30515 24414 3109
6120 14469 23663
11042 27811 18567
6168 29278 28816
22300 10110 29683
14513 852 21318
9356 15194 11583
29200 23506 7900
6655 19521 14631
23393 7713 27910
16535 13335 16942
1174 17419 19345
5500 16311 27840
22378 9034 14467
30968 14123 15884
25708 496 29294
5380 9086 24081
25156 18450 21732
29546 2517 28109
5294 3678 25158
16338 1745 4250
7648 24925 21359
3147 9838 29718
14425 8077 23270
28461 21459 9254
20556 27816 3223
1908 6612 24828
15132 24228 23623
28891 30743 2853
12455 22862 13379
860 6678 7683
32093 5018 4852
29160 5235 11083
30024 3577 14687
2672 16993 27221
20367 25423 3517
3480 16391 17512
3881 26213 15528
24236 8234 25410
18610 31722 10396
15529 10888 14730
16025 9563 10931
23421 32156 21752
17450 19316 22758
8397 10704 6224
27937 5869 17727
2522 5444 20355
4804 7349 18102
26726 32426 31377
30902 24302 10172
17056 6906 15367
11013 13902 24470
18051 23770 7725
23584 12213 4891
31534 17938 28219
25781 22551 20079
15131 619 20273
24746 25874 3287
6209 18627 28200
2987 12986 1203
10120 27197 49
17674 16271 7491
25361 24791 30243
21978 13712 16584
27462 26062 11490
1426 15338 14613
31916 28051 24839
2204 20155 15798
1260 10823 25334
12696 17107 8755
27537 14057 1207
22846 31108 30740
29546 7369 3388
31266 11490 19388
8080 20955 13523
21707 14070 13359
21380 27128 23799
26069 22235 3417
2016 20018 27065
23324 19643 12668
30094 13512 28029
22047 16932 12741
6017 6496 18367
31007 26165 14144
26472 26759 32276
18851 32134 11419
21460 17073 686
11879 29664 26237
11964 31275 24072
2020 21027 862
18807 3257 22913
27124 25830 32031
12151 9437 26384
8757 28855 13774
870 30713 9822
19011 5891 30310
31365 28101 8674
30176 6930 12648
24655 13010 16084
27801 6299 13462
208 31510 28948
7061 1493 7230
25140 6831 8279
22411 6425 8157
26234 2653 24117
28692 28268 761
21575 14957 9464
19665 9098 26244
29272 4614 25900
8733 8523 13867
25345 29198 15464
3660 32633 19033
21938 23086 22992
29080 27756 25305
644 13214 25903
25172 21516 10075
18489 6320 17351
3072 14856 12871
16179 356 25128
25414 26975 8102
13385 23657 19619
12821 20372 32006
21646 6476 26687
26189 9248 6305
28511 21454 7225
4801 27902 23868
9810 31124 16494
1392 5995 30055
15068 15024 16196
1865 18472 11314
30672 10933 6645
6364 18663 14962
2300 31566 29755
7352 8357 14114
32141 31380 2264
11122 801 1677
16912 20123 31343
5768 26546 14145
9499 5353 27806
13972 21031 3323
1539 26577 16232
22162 14455 22795
12086 9455 15175
12587 1640 31971
9739 30518 1664
22072 7294 24270
30754 27724 27789
15868 22987 511
21166 4140 26303
7375 22643 10873
2627 31554 351
1323 4877 19077
14840 15998 15097
24402 15645 15014
22269 30230 25498
1295 17247 15956
4602 22249 24613
13636 14493 26340
12750 5057 6666
26168 31295 21346
19333 20201 24064
3814 9189 26441
27048 16853 3232
7870 2966 11108
26920 10181 21986
22681 2170 29495
7315 6577 21747
28876 17427 26303
13926 14557 21472
30613 23149 878
8579 4839 22268
4203 10182 22702
23356 25906 24098
3019 25238 850
9335 7917 7693
31890 5888 2228
2002 2102 24197
8983 21778 32125
20690 6659 14867
22382 30057 11588
13439 9684 17012
18857 20480 3976
9725 15715 6412
18926 12129 2991
12803 10690 27906
9141 15991 12565
21053 32431 6346
16018 14748 26957
1535 16902 22348
31832 23498 6688
12241 2199 19689
32629 26360 31215
20407 8390 31501
30157 21247 21638
16463 14537 13582
919 12449 30595
12556 12629 25474
18129 13964 17621
16959 20253 24417
30574 19559 20232
30643 3193 128
12627 19539 13910
15608 14848 13132
19632 11615 3764
699 14337 6099
7776 27104 13912
7867 11296 24692
23898 19128 356
8253 32134 28888
2893 23777 19134
18701 26458 11768
28163 18654 9027
24420 25729 5725
13349 7141 20427
10073 26848 9704
7015 24788 23485
4768 7053 19127
10069 15192 2348
11205 25262 22792
32558 8654 10406
32294 23805 2597
11925 25278 12870
20052 11822 14021
6141 26893 9894
28331 6817 14180
14617 15919 6593
27196 9257 13687
16575 11263 8936
13408 31956 20115
13048 10259 5204
5513 1520 18137
17203 28823 8706
15920 201 14920
30171 1822 21202
20210 25547 21701
20921 4073 2086
20792 16918 9970
16106 7309 26485
7674 11425 16947
29785 7944 20105
6278 15232 28785
22003 16033 1641
331 21225 11379
13588 6691 29203
2326 2825 1523
20956 15195 19867
18254 13008 26794
5998 11742 1864
22025 1335 24592
9802 24442 8131
11534 9643 31114
10043 15086 8054
28967 9126 25896
26258 23986 24239
24398 28318 31061
10920 28663 27424
21399 6864 22525
27103 4653 4305
14824 27789 13331
17293 5545 17833
2780 8986 11404
15524 24135 15883
24936 15683 28178
3058 26904 5700
17939 16675 24367
2884 6276 4026
4840 15840 4767
31199 8284 12827
24427 6472 10744
29183 19669 32768
17965 5256 18178
5735 30057 11197
7652 6779 13383
24096 18699 9301
32259 12104 7614
21494 21296 15309
11083 3140 6317
27748 12699 24400
25301 25675 26121
4058 246 12008
31348 19479 23812
28845 6803 1458
911 7998 21385
2832 26611 1238
6586 17880 14543
4839 24796 17075
22712 18432 31313
26192 20270 11508
11700 29612 17870
11577 16306 18320
26058 20110 23323
27995 10647 3040
4152 28929 30437
22383 24160 4692
5332 2093 31686
15746 21093 13926
20373 27871 28974
19366 21055 22501
10323 18904 18449
4985 21425 3499
2572 1904 9052
4154 20720 23890
24396 27627 13977
19550 4947 10391
24974 26318 14162
4844 3800 19548
10157 8976 28176
26116 508 13959
956 3852 14852
8535 1500 20290
31461 23146 26303
2693 10388 18227
539 18822 5516
27285 8285 32720
16577 31488 17470
29446 12246 9181
30359 10092 14735
30252 1142 30121
21641 19563 25457
11724 15913 9658
12346 27532 3538
15422 31604 32724
2139 23235 22725
4991 18368 13733
25645 26464 2839
19184 12694 21893
17094 3526 23212
30652 11508 24833
7918 5975 5693
9498 18949 18989
4778 23882 21589
24801 17120 12270
29139 2663 31127
17968 790 20675
21838 20196 7344
21268 8765 10416
6334 24786 6284
30576 26302 23124
19138 10456 3489
31381 22656 11355
5153 28215 14703
25164 17237 23496
13431 1604 30595
16709 22322 6339
29493 19164 416
3098 26767 1782
23068 14472 11487
7029 15758 23459
19062 24634 32739
9977 25783 747
4282 8696 8813
6131 22624 25355
4706 15562 24831
25606 15917 12150
8210 30148 24395
32594 29724 5902
27249 15118 10906
12991 25889 16375
8758 2342 14716
3704 23869 18604
31831 18401 6227
6583 22928 14696
14694 8654 6818
6254 10976 16893
31608 21507 30497
5243 16767 8107
14380 28042 18687
7010 12192 25503
31915 15583 6891
8899 27511 24086
6074 3897 28841
5376 11443 31585
8755 14494 19047
29916 31040 14140
22658 27889 26893
8691 9029 16431
22522 4465 15671
24916 12001 18429
10519 11118 29350
13493 24596 8000
7183 15386 2113
4071 8662 27087
28483 702 26877
28574 7500 18046
3938 5564 5198
1450 17555 78
3944 22570 9443
28203 22181 6197
19134 21732 31461
32373 2617 32258
3611 18790 2797
2446 11193 29696
13318 31191 25961
16277 7831 11375
26622 5372 561
25719 27818 239
20403 18972 19057
20402 28259 866
15325 3061 20286
18977 11508 25852
19085 9036 9575
16381 31673 7033
8972 30922 3936
11422 30862 5551
14248 12569 1124
29342 15060 2036
21503 10121 20501
20070 1864 11792
16034 21149 2121
2652 29450 9146
27434 31563 32457
25374 2656 30157
13850 15076 13089
28558 24589 7598
30235 15573 11481
13221 28773 1452
26227 6331 8374
5697 3936 20532
7381 3724 25543
4452 15184 13618
28874 20922 1393
29097 13846 12285
1390 12701 1465
9430 17632 15763
5685 7311 3958
16589 31442 24090
19947 2157 30264
25429 3381 15837
23356 1676 1536
8301 28667 10559
14426 574 1829
14374 28592 3168
17308 12403 17145
3639 14910 2647
25905 23587 26110
11463 23049 351
8762 20096 25309
18730 8009 26697
14310 25381 1363
7288 25009 9981
14693 14263 18127
15177 30916 12040
16847 9142 16002
16135 21353 31329
10064 4207 17660
22660 18323 1504
20283 12885 10170
5856 6434 10795
23246 23583 9008
7907 25418 12543
29392 31106 23086
3667 4632 32283
3151 615 14261
9204 497 27202
11046 14564 9367
20519 14633 21503
30490 4962 19571
23414 5113 15681
32420 8632 26096
10080 13690 24029
20172 22313 8261
837 12413 12956
10651 15484 3181
29260 12620 3425
11536 29866 8856
24712 3517 22150
15008 988 29884
29907 4891 22665
29600 15275 17738
14873 16854 26259
14638 24796 9599
5631 29944 17294
24187 24089 193
15412 18374 12990
12923 29767 8968
21705 30248 23572
16999 9365 26186
12643 1184 32189
18586 22871 22358
38 17148 4501
13226 27200 23731
15528 18699 26760
8145 19877 19023
32338 28402 5898
4355 27589 25386
236 2816 13607
17980 27218 9791
12123 32013 14812
12015 13735 30296
25000 21444 27835
29090 23157 17553
14063 12913 23049
7961 15821 29625
18641 7715 13519
12183 15048 16076
14697 3905 28569
20513 29770 5950
7688 8429 24544
25554 3726 16336
22554 2493 18755
401 22385 28453
23298 16821 1321
12496 30151 4433
30932 26518 28763
18460 22297 25110
26932 11208 11187
9897 4246 8595
9404 20884 24063
7705 4908 9090
13506 18284 21661
21553 15346 32102
2641 32107 28033
15422 16757 12856
8361 3418 28839
5714 5003 31332
28343 2521 14359
13984 18090 15688
18475 29309 3333
16808 25855 3434
6728 26883 17856
6634 20152 2844
14715 26603 17249
605 61 2388
3164 29969 16249
1245 28750 16083
5545 11043 14641
3654 4408 16892
599 2823 3744
31239 10155 6112
16848 25224 14907
1343 28368 20339
7667 18406 5543
26055 13483 2019
5501 16925 14949
7107 2813 28033
14031 17411 28157
5248 10256 15047
12897 13442 19136
27598 28732 13147
9016 26790 22329
5404 11277 27932
28986 17455 19927
2039 30782 8099
1079 15334 17288
17348 21528 11446
4094 16623 30516
11464 10191 13476
24794 16067 11608
30941 32751 24454
3401 23966 25140
11361 23555 8398
7366 14724 8773
6213 7659 11447
23816 16934 19467
28748 13479 12143
5629 4690 12099
31950 22661 9228
25190 19895 15642
11682 26598 32179
30188 2581 6669
31739 31525 16248
23286 1349 11631
10078 27450 12254
439 31631 5069
32249 6705 6911
10018 27207 28829
6912 7574 8903
30152 30902 20747
26080 19029 32459
7123 13741 29885
13157 24273 21912
14485 25173 13018
17962 29456 6034
18785 13089 8388
7653 16468 1987
28849 21989 27969
7539 2175 31014
25533 14466 24071
7598 15110 18247
18965 3496 22247
6002 14444 18269
14300 30109 6411
14687 5751 27428
30383 3847 19970
3639 22169 8482
23142 6189 17809
24296 27980 13851
13867 17198 24193
18342 5193 10716
31647 21 12769
6560 31466 7595
28929 21988 5496
11059 20240 19710
3221 32732 13654
13991 7781 28999
12991 30383 11723
27615 731 6127
8586 25961 1578
29566 16042 24027
3991 22568 542
25202 11074 17947
15779 18175 17026
4836 31723 2434
16683 2458 28667
5113 8204 23385
29650 20602 30908
29682 23115 17280
1687 1761 6212
8323 14595 26752
2304 3275 15096
1914 20938 1157
5055 6785 10459
5655 17657 22084
894 26545 2532
16283 28530 15140
7130 28165 7056
25592 8218 21077
21421 25528 8907
21928 29634 8337
17214 25754 5707
27164 30068 15034
492 16503 31968
571 6746 4506
1133 7148 22649
24808 30659 9066
3522 3333 454
915 30440 10216
21600 12095 25019
5425 7553 21035
27212 25276 19812
3638 4946 3958
4627 6352 15820
13423 11309 19631
17384 17457 231
963 15140 21585
3409 19821 8627
9539 7899 21740
31522 23666 29975
3096 8251 9360
12480 28242 17962
10283 13308 28603
222 6786 22494
27812 17586 17046
6959 11590 11085
15492 11886 20915
32710 25873 277
14861 22028 9095
13342 16118 12678
1472 5574 20039
32502 25216 2705
16389 26019 30216
1934 30609 13239
11495 476 9502
27110 4372 30573
15208 10832 3386
