619
10745 30921 9490
11894 7745 18157
20722 8763 11784
25239 30777 11216
18500 20273 24512
20353 10144 17931
24480 14543 28205
13126 31885 15983
10580 31218 11110
26518 21008 17267
29449 22132 7514
24105 24684 15358
12516 28496 234
14577 4105 31780
22234 20500 21764
3657 31846 19901
2657 30571 26779
18582 14514 30754
2748 8097 31875
19992 12252 6522
14480 28013 26283
2269 14389 26970
21905 6759 22053
20501 14073 12193
31583 32245 28656
27450 2654 11223
29934 21140 2704
15552 28915 10371
10250 3780 25302
25937 23418 21286
9434 28677 20061
12736 4739 31972
20338 15269 16552
13625 27502 28934
31688 3154 32241
24146 162 26059
20153 5281 8959
28943 3862 339
22227 24091 19357
26868 20356 20357
9761 2403 10634
11709 27615 10036
21048 16276 23545
2642 8665 11258
12838 11753 23551
18700 18855 10115
2584 23630 27773
2417 25666 12340
8921 17516 15457
8936 5844 19580
8046 4679 24672
1305 8466 18732
19838 14480 1395
20978 31410 7849
15694 21044 20404
13959 26694 21463
13417 30671 20859
8011 4625 7949
6751 2829 29890
6483 1989 25713
24853 21283 9531
21918 12831 28302
12954 27866 5027
9374 4059 10504
27781 22002 6956
12142 19842 3752
13635 3772 14367
384 24563 13130
20959 15933 11005
28834 22457 10063
25384 17470 26057
27312 14228 13715
26438 524 18763
30542 17076 32292
22809 11741 5723
8564 1950 32561
6391 3603 23457
20418 29361 2780
679 20692 8782
9163 32708 17401
17063 10665 15538
6104 17497 21740
12576 16940 28605
4057 5196 31504
17179 11243 19668
15737 282 1656
4810 12548 891
24722 30726 24818
9735 28204 19136
25712 24006 24701
1630 23580 20594
28586 18058 26822
43 10143 28808
32627 24428 31805
1734 16040 24894
26811 23221 10469
22956 7750 4312
26735 17014 1515
11035 82 14346
6583 3429 3751
17071 22813 12400
1043 16388 23703
30425 29840 169
19600 22643 25968
28220 16258 22497
15519 19847 17244
30308 13608 28919
5670 6641 31994
28496 20967 6535
24557 12960 4039
25535 9216 29554
18033 29605 31460
29763 26555 1990
11455 4410 393
20362 24618 30739
26094 708 9083
7261 7829 6024
6986 15333 12128
2621 31278 1906
27726 27634 9672
17330 26274 10998
11523 30325 13634
18850 29593 29721
7261 30586 14042
24901 22608 16501
20393 31963 4043
18072 21959 17959
12591 14793 2132
21341 16187 483
8082 27714 20712
20230 27629 15657
18577 1073 26168
13857 1623 12306
5434 27245 6596
2076 27753 1076
13999 6619 2037
8314 29023 9860
27144 10063 1523
23761 7501 29766
12032 25867 24751
25385 20349 29544
16483 5355 29660
21656 16424 222
28282 10395 31437
9766 4921 16341
23284 29038 22123
20068 20759 10970
21235 27057 10952
60 31654 1093
28477 32650 31736
23519 25867 5520
3028 3523 9522
25826 15051 17748
24410 2325 30321
14565 13148 6702
20484 26829 17412
1115 17743 21689
26390 2017 4302
6983 5774 30038
17683 14288 1836
31248 14184 21124
2096 4317 32182
22205 4195 27380
934 17293 7254
25900 31493 27289
16878 23916 11117
4395 7456 31843
25890 10114 31226
18297 6970 2669
24547 3845 26881
792 25123 3264
1691 31013 22950
18042 28907 2814
27644 2315 18612
106 933 3981
11518 19295 7564
10952 5308 2840
4049 31982 27563
17766 11723 7561
30333 19019 27982
14769 16951 30149
28969 1154 8920
17384 7411 3021
1339 27439 5640
17678 6206 28948
21966 26270 4388
27870 12605 24874
3896 27835 31134
3428 25267 12558
6802 25080 15072
12810 22871 17858
32638 9088 6471
21054 22886 27381
18849 6720 11886
15352 24716 18661
5260 20147 1881
11465 63 25791
23561 890 12842
4157 27663 6445
10242 28962 19543
4272 5291 23762
29318 26528 9118
9201 13188 2780
2958 27253 2872
3897 13387 17920
4498 25208 29670
5742 16591 2165
10006 19625 28920
14496 10458 5061
11436 28593 28000
4169 17184 18840
17446 10698 15204
14259 1375 4799
3304 26436 11928
656 16702 27682
12955 22000 25377
943 148 2413
24247 1033 1650
16965 14099 19333
12944 22908 13566
17497 14485 7467
29431 20632 7577
15387 27256 12900
20361 3986 26235
17503 19404 14189
32573 5730 6438
15471 834 17010
6365 11481 29081
3567 29467 26427
26977 11023 8852
1929 12940 11915
25448 10865 17379
3480 2379 31468
27210 14361 227
15892 30022 8979
113 20789 3260
22369 11188 20006
5116 22697 12043
18906 15869 30862
5593 24882 14058
27175 24621 2069
1758 10672 7075
20163 4589 3200
901 4454 22883
3387 27702 17899
25168 10313 32209
23567 25924 23687
525 25533 11095
9276 18788 28055
15468 31310 27508
22995 17079 16310
26277 2376 18301
5425 25356 9416
11547 32056 7311
28337 2634 23091
14410 21183 19105
7402 2354 10276
14428 14140 2040
23003 21339 10003
561 26937 6510
11671 17587 32453
9167 1698 17730
32073 15856 13428
3948 19241 22903
13225 30897 17908
903 11112 24551
5177 16194 28124
31709 18844 27020
23784 32063 4392
2577 1814 1977
20967 13705 4305
18015 432 25915
15829 8013 6721
26559 12003 19082
25742 20233 10169
20531 3672 32675
28993 12757 15872
17722 11273 17178
6302 4188 9971
30120 28238 16768
3630 7238 202
9543 1636 26944
6206 1537 2101
11277 23127 30323
4069 4656 6045
14808 30033 28508
772 27941 40
20699 1981 21905
3159 24625 12626
30805 21189 22780
23026 24496 10817
5662 4874 12591
21689 31262 31765
31019 11436 14028
31668 20371 18145
14372 3841 14828
23642 13941 8992
28309 4228 13251
11544 23888 26544
26729 29665 8446
454 25346 16575
16042 27960 24458
27086 21961 9782
6593 27357 9664
5665 7888 127
3239 10049 25135
31072 25421 16570
6598 12758 23164
16060 9555 28088
15742 15099 1291
1139 15839 14687
9092 4954 11381
3324 30418 10814
17310 2372 15601
9791 26313 21371
22371 12001 31544
26732 2585 2403
15876 10843 8599
13900 15201 2874
17492 3398 19235
10016 29535 19247
13953 25334 32328
18030 27417 25460
28222 15747 24373
28748 11381 29666
2893 6052 26571
4354 7373 9674
32170 30129 17943
17699 27184 31658
20428 23141 909
21353 20296 28934
1197 29758 9835
19445 11032 21153
12447 28295 27670
20677 16662 12724
1302 7536 22100
14723 27472 29961
9966 24259 24234
30963 27537 24828
9176 4377 2629
29861 10696 3018
1779 407 7741
28616 23845 9666
13754 13467 9998
20511 10913 21803
13770 2021 14236
28814 32487 13312
4412 27935 803
30399 8928 20944
4727 29133 4825
18881 4437 1634
20939 1553 9007
26042 14678 29172
24120 1479 32246
27909 27758 20003
30760 32734 15832
4424 2255 16102
12300 9731 7381
20331 20213 13606
5141 17137 4819
3966 3961 15561
16259 8196 27231
5605 18689 20055
25410 29418 24875
25962 14230 135
4808 21114 14067
18950 3528 20548
4470 24096 2253
21108 25957 13846
23531 17760 20497
4861 14508 30198
1537 17753 9048
13811 13900 4846
4467 4183 15687
11987 20870 8725
27232 30664 8227
27406 23882 28873
3619 11072 15963
10212 7218 8251
22066 32583 12174
14037 18588 3229
17419 1311 30393
667 32603 8344
19546 22741 2444
9376 31918 9687
20178 32047 29214
24433 3719 18886
30069 30034 23408
27814 20548 31192
28994 6721 28293
19751 868 31982
17278 32377 26871
16608 30184 22453
18964 7257 5969
18242 12884 10267
27327 7197 11414
7200 32406 18473
19452 17546 7611
7367 17975 17117
23546 13735 773
28524 16805 1502
17655 28433 23166
15160 20344 20769
11223 27599 11787
18847 22008 16860
212 23472 25793
6606 29274 2127
5009 18073 14987
21826 2150 28753
21249 16461 19013
16631 16515 29349
30428 21395 5583
18599 31590 6530
5014 458 21711
10770 2505 11475
6936 12364 24083
9288 23550 27409
23463 12070 2262
29545 12347 6614
31676 15639 14932
23390 22508 1393
3269 6869 18800
9326 19314 10521
26620 29697 17754
17092 16662 16805
28629 11867 19833
32313 10009 2761
21948 8207 22531
25100 2607 27456
30485 21551 20998
5186 26811 28280
5561 28860 16082
738 2218 10904
28522 5069 13833
10586 26827 10229
21748 9649 9911
6817 10211 6988
11503 15389 27460
3311 2809 22121
5986 20166 19743
27187 31115 19193
32443 14339 26738
29824 8626 27062
6098 23609 16191
28717 20308 7224
30194 26950 2227
3422 10488 8715
14622 31533 13468
2346 18910 18906
19470 9638 1080
17060 25699 26059
29845 31333 20702
23143 2272 1639
29806 12855 28208
29560 11383 2464
29095 13121 22741
25247 26778 29651
9503 22787 25585
5507 30504 26330
13009 13048 9932
19753 30841 28546
25321 29920 22890
32685 26539 23564
971 8215 27149
25423 5899 28286
23708 3981 11976
22813 29054 5097
5360 6201 32180
14320 24358 26103
8604 28179 31591
26736 23226 11867
28653 519 25271
26968 21075 31739
32682 10075 14843
16184 10647 10213
12717 3955 10549
5470 27776 31861
5109 8458 16894
32183 18751 6970
13699 27696 21759
23487 3302 20075
23392 3748 14939
10972 29143 14621
7576 21620 2404
2746 24631 25971
19989 20192 29020
23678 8139 4730
25751 4081 2112
20972 14348 27510
21065 17224 17873
11223 9817 4293
25751 3344 20551
5997 31629 7849
4689 32277 3457
12866 10592 14482
32584 6256 26254
19242 7521 8135
485 25161 9429
2616 2665 4725
21345 27806 5977
21636 17111 11411
7859 4621 5058
4232 5366 22044
11081 5653 14891
30250 2134 653
14374 18252 29687
25046 30218 13226
4356 26487 17675
17459 3842 26099
19064 29327 1095
20566 19192 22357
13151 31245 15124
2175 16303 2298
14581 15387 5464
19912 21359 835
2142 30332 16959
12622 28426 20301
29585 17224 15244
1462 4806 23456
22757 8649 27763
9761 20228 10694
21421 14371 29231
9196 27780 16643
8613 27279 32717
7888 22914 1643
15397 11079 7138
824 2098 21762
30025 29311 18988
22764 8259 4267
18588 12280 3143
16483 2148 1299
19425 20503 19456
18263 11793 15833
6155 11393 1774
28015 24837 14245
27534 1190 18003
6176 25898 25065
32391 29903 24446
24849 22754 30590
22127 25215 30743
11427 1776 18536
10834 2893 10022
24177 633 14679
27082 24444 5810
24545 20688 3521
2085 9216 4934
4384 14339 6069
6782 4021 19911
14108 23151 13486
29372 17894 2393
6489 26303 8457
31400 17537 21062
22710 8475 13307
31137 9868 31781
9340 13696 5131
29844 2990 21686
25931 27760 30850
19260 7150 1574
19911 21113 9811
26341 2812 24256
3852 30793 5986
3611 16531 27959
17238 29767 12600
3592 29662 26623
2910 4073 11394
13694 9703 31617
27485 23103 24813
26325 2931 11783
15027 1641 8517
7461 12507 22952
1443 22520 16857
30342 706 7091
8871 14436 22414
30813 31930 22068
1345 14364 18486
9181 6965 19378
5726 737 29942
24648 24654 17981
7836 619 11756
3473 21336 29268
10524 23424 19020
3436 28979 27482
17824 28943 17071
2552 6098 14992
18213 30184 4941
2174 8570 2763
6206 8486 2646
15354 13475 25177
4310 8816 2724
24176 21377 8676
28967 19084 17790
26933 671 8739
21508 21003 3620
9144 17 25532
7881 2793 16479
32108 3370 11183
16276 27513 20292
21218 19128 27670
31370 4091 1005
26421 11317 19486
11610 23979 19419
21080 8297 21390
23619 11557 17714
14818 20088 32053
7735 7029 2844
11631 15441 4360
9727 10295 12010
16559 28656 29164
17517 27771 23251
19637 12027 21589
25588 18814 24928
28461 30875 27197
14405 16213 2273
14714 17318 17959
15553 31502 17543
23278 32626 23083
13027 26884 21748
14492 24550 22839
11754 846 2140
