759
14174 12649 28405
29437 12754 20920
25921 30633 9561
18879 32671 12916
9096 24264 16386
26647 15997 31116
20233 13889 5757
3404 5833 21319
27356 29981 31436
30231 12829 15236
20825 31343 32091
66 502 5452
10984 28785 27948
11684 11315 1232
394 11607 25327
31324 8685 24164
22897 14624 16638
10328 23130 7501
22011 16909 11127
22157 3771 11152
28645 20885 25324
1123 30073 24569
27808 4581 29022
4677 10760 2574
28672 30793 3198
30303 31785 15284
30921 17177 16746
18661 7325 20142
11709 31229 15714
3445 22120 30777
25654 5537 9253
18303 2869 10100
2687 12342 12280
1456 20095 31579
28507 12879 8328
13521 3716 25459
3456 26617 5409
17568 2864 2691
23792 22569 9198
2436 14981 3304
1401 11464 9032
23602 30500 17513
29885 1034 31543
21664 16648 12693
8082 13276 17584
12239 16787 20241
27043 28283 18746
2131 31610 30048
8075 25507 28927
6066 25652 30217
28396 31695 9840
19171 26614 19244
9515 13180 32266
7822 23143 13536
2263 31357 21982
2031 25996 28661
10985 24497 29667
13664 30112 27113
25694 19393 15171
15853 15312 1074
10713 11700 12320
31120 31510 11569
16970 21109 32386
17375 14758 24422
3800 15518 25709
26958 30380 1981
16761 17451 2129
856 30540 31240
27898 7652 15444
8747 28447 1800
5230 14479 17443
25262 1960 2453
6451 12891 13899
1526 26481 26811
28185 4860 21330
23425 9427 10994
6980 1902 31742
25049 22933 23214
12775 8796 7568
31083 9189 14086
8169 12445 17886
29619 5723 2847
13068 4932 27279
15624 15361 7575
22592 22840 5609
27063 13981 1329
3856 4175 28910
7977 27812 25189
29307 2653 21947
14404 2473 5543
28567 11450 1639
12371 3881 6276
6088 24879 9173
25095 11505 13281
16245 30017 23862
4221 24480 30718
7040 12631 23596
3663 14578 11030
7921 17208 31436
15114 2256 27049
18319 20416 10229
2479 12130 32723
9048 11756 21428
25348 32650 9541
29219 397 8366
3290 5788 19891
11717 13883 14532
23451 14640 15833
18583 19294 21103
26042 28239 6495
25903 2161 392
18653 2436 14414
31649 7364 10611
24274 26981 21193
8115 28773 8171
5301 13236 2123
14522 5121 5857
213 6449 932
18211 23508 2343
25641 31398 3923
7374 22020 30943
2694 30173 26150
1230 1789 8174
2255 15488 31261
3108 13988 4569
15057 28690 24577
16528 12157 3032
10896 25979 6196
7055 11547 6925
18730 30696 7582
16157 26988 10767
9633 17896 2510
30422 20676 15962
10277 9487 18844
27529 29367 825
22717 6019 24560
28768 23064 841
28247 27710 7304
6171 8384 29350
24487 15862 2754
9763 25574 31580
363 3548 16605
16979 17459 27322
30175 3760 12847
26573 26834 14741
24455 10732 18237
9785 7978 668
32163 11239 21696
18996 14608 24906
8929 9534 9969
11495 18820 14623
26408 16107 18618
5115 25696 22567
7068 19411 1694
601 8065 6384
29721 7597 31605
28549 21580 26499
7143 23696 18761
24179 5794 10753
4944 10126 2815
3614 4768 22759
21080 27174 7053
19795 5311 23604
20691 25964 5616
10343 30762 23004
20101 15680 32027
728 9577 22347
5649 14570 23951
2050 16307 13044
3044 9198 625
1394 10626 23567
13917 9983 5670
1662 14653 7707
7908 23121 19166
15403 23833 8895
939 2497 418
11653 6525 18462
24651 30855 26293
11253 20362 25275
26505 13682 12398
25667 8603 18811
13010 4569 10704
28726 10710 28528
15455 23755 1168
22040 6952 8811
16126 28963 9800
14993 24383 5766
25322 16519 21251
32386 25695 1581
16705 7811 19314
26102 9256 11080
20469 30259 16215
1604 2208 404
18000 6724 25884
26859 18218 27475
3674 21044 11655
24026 8489 18643
29126 30988 30472
13084 18554 10369
28984 16664 26138
16673 31254 14470
11002 19780 12456
16929 19321 25624
29302 7201 18556
4162 14235 22020
19484 2504 29979
31118 16028 18222
31095 17679 10142
10719 30591 23268
12182 18895 13160
2624 21886 9311
1566 5421 11468
12929 10971 6093
14241 10780 2809
29926 12611 28338
31749 27549 23757
30016 9236 14978
11301 8037 30810
29645 21295 20935
2552 26343 6976
18867 5398 17197
2774 30211 1586
22512 13702 22341
27063 5568 18485
11033 31186 13546
9611 26331 16001
9535 9893 17794
29677 11031 21514
27848 11001 19862
10977 28044 22555
31278 16993 9076
17515 357 25992
14294 5369 20697
29968 19417 23652
3713 9631 3543
27304 31029 28222
15878 20280 12913
15116 26200 16717
21846 14387 18847
25213 32497 18716
19957 3983 11200
32735 26203 13198
3698 10494 16288
20764 17391 16210
13445 13833 2200
23621 19742 3364
21200 30786 19835
16977 30395 3946
6024 27868 14149
32393 25650 13325
26727 11336 6091
25085 1702 21156
13744 6311 26588
31902 14121 23874
26938 3124 18832
28111 16014 23697
14262 5358 18114
21633 642 28661
2469 32039 27867
23363 17135 28914
32456 30930 7807
14029 17366 1292
2534 23958 18619
28128 16169 27602
7224 24596 27843
30623 22340 16093
7914 31465 28774
14765 19987 14305
24163 29772 14008
16811 19993 29994
24153 32087 28587
19956 27073 12051
7902 12901 10378
26527 27331 29023
31203 26113 16535
1082 28305 16761
15847 10332 19508
28599 28151 14089
21964 31564 30309
12157 32123 32351
30474 10040 25485
13729 8481 5274
18101 16259 18859
10159 18841 23462
31506 9548 12689
16018 18956 30811
684 19884 29122
28019 7413 22370
31538 19628 16116
7081 29649 17841
4471 14505 30581
25110 8338 20406
4467 29164 26084
30339 14596 9875
18460 18578 27886
20432 13244 11503
12896 28447 12573
9246 31517 5451
7091 12882 14044
15931 24211 14816
5103 7951 23090
23026 13092 6764
22384 9600 21225
20243 11221 18044
13747 29881 29466
24909 18336 31507
491 19583 18267
7984 30187 28857
30272 27403 1785
25839 5056 21345
32178 6872 10247
26560 29494 12195
25053 18657 15919
13542 3018 22839
12560 1495 23678
23496 3483 31934
9839 30012 20902
7338 10948 17203
16670 867 4978
32220 20812 14241
22693 22468 22871
10107 5473 4075
11275 27426 3945
27165 32472 8143
30304 383 16926
28410 7726 10601
20136 5581 14501
20595 3190 216
21093 6611 30399
20486 5884 8422
8502 22224 8274
6924 8845 27824
21829 19385 2103
8665 7056 32457
14195 11301 24817
32020 24454 8271
16267 12099 24903
19298 16777 25314
20449 16497 2052
26038 28373 28297
22822 27472 20798
21220 22928 28898
32345 7007 29946
4946 16196 19758
14873 2957 31238
17359 11718 17694
15824 7228 22876
17151 25731 24677
6242 18094 28017
1757 26986 28036
30056 6868 17976
14403 28653 8261
18215 12526 1477
2160 5577 8925
15546 19083 29390
6416 19611 29877
21287 5828 17797
18731 22635 15940
27489 15294 10361
23042 27310 25477
26719 31718 19073
13519 24186 9958
16329 5979 32735
14039 17880 11468
27898 31362 8223
23383 8565 13307
10553 28863 23387
29486 4908 29059
32126 32443 31979
26710 28950 16132
287 18895 19114
24451 8742 16482
13876 6754 14172
29839 28288 25157
16282 9561 17365
24171 15613 9466
30167 27893 32233
3541 25772 8069
30541 17324 23902
26123 5160 5395
1408 23516 7756
4388 10773 27397
9314 25973 30125
14814 302 22599
20945 5858 26644
13056 30625 22205
6875 12508 29628
22695 11442 17887
8544 9457 30320
21006 24787 23005
8224 5342 3329
23219 25533 29933
29798 29969 27962
28656 22830 28803
31685 18156 15515
15443 10317 15018
31144 12195 30018
27749 29420 4024
2972 14021 22464
20633 18718 4881
17572 17369 988
24224 17119 10673
9979 5264 27494
22610 3256 20411
12543 28024 14763
10471 5542 15939
23885 17725 20272
31043 15289 10493
7982 11985 25775
8815 25108 13222
23518 24861 6555
4518 5731 3391
30307 31485 29069
29559 9437 29549
1763 6334 24936
9190 360 19102
6074 3160 22557
32675 4482 1989
4552 7180 30795
22170 30196 28357
11940 9023 20281
31386 17534 13549
8893 24485 2773
17600 251 30984
2707 10509 21443
738 25265 19189
19842 23675 20895
6714 24004 15042
28134 29522 20215
24314 21004 11194
29042 9648 16311
14477 30646 496
32278 9045 26611
14520 30589 16673
18126 28845 23119
24536 24417 27149
16673 24012 19587
29413 9756 24466
10058 27524 9635
6162 32463 28463
21558 22234 32049
29974 11159 20664
24029 32135 21291
22151 6412 8034
18338 28233 26765
2509 9691 630
2500 20008 7425
7060 24819 1604
19451 22536 25016
10959 3587 5676
24791 11795 31380
1185 13114 12001
7306 3303 15926
22471 9349 19498
23824 16009 6798
3679 16320 22479
21245 32656 9972
21276 10905 1908
8536 29439 19970
835 11797 13709
4172 20936 26775
24846 5357 26040
8596 18679 20697
21058 2378 24345
9963 1511 20232
25879 9095 10124
23023 21021 7038
18894 32506 16591
12849 26773 22588
31104 2810 25836
8553 27813 10695
29456 15768 12681
18184 11974 19015
23874 6860 18930
25504 17891 25382
2406 32251 1523
10710 1016 30883
21534 3365 22487
19933 811 4113
18975 1062 15918
13738 1194 17597
21759 27580 26154
15201 11498 2222
6260 9052 10664
24746 24863 9664
8846 13823 24654
27889 14341 2243
12746 4451 7482
2492 9300 17317
10775 13441 31545
22431 18801 21724
28198 5400 6019
31603 23358 29051
17563 9639 24426
5850 4115 7357
18672 23603 28547
20539 6216 4850
13877 12181 811
19896 20697 18185
11756 1115 27002
9160 3851 14638
1969 17238 12552
898 281 4659
18037 9068 19970
15803 17487 713
5738 23883 30350
18304 2857 13989
17147 23303 24427
8598 3650 2857
30307 20182 30536
10246 6462 30255
23742 17243 18774
12257 24823 29955
681 32070 24566
18622 649 17586
3020 14642 26261
17565 8993 23599
14311 16900 30224
9271 13967 30220
11576 23358 31040
32489 1807 15022
13642 22526 32634
17582 17096 7493
5531 17060 12571
7666 9194 3320
32663 595 32392
28 20091 2299
19408 17097 7207
7967 19246 16779
25225 22592 32308
895 10457 2314
26602 15451 23942
2429 22118 16304
3184 25162 27293
14700 17751 27008
21113 20387 18067
4711 26924 4495
16390 29868 12739
22485 16976 20159
24574 31241 11841
1914 25439 32117
14484 29443 10369
8470 21978 24307
1195 27368 8884
10680 32677 6756
7237 26936 28618
9286 15591 25782
7263 7059 20765
26106 23075 11227
6346 9644 22055
2235 2208 22274
736 30375 16346
5787 23419 20710
1582 16554 29040
12510 26109 29270
30810 6802 14030
14945 17414 21097
11258 15624 27850
16433 15272 20267
3608 867 29180
19630 21330 7337
1164 11807 18144
20637 14868 8601
6017 10196 31338
10984 18398 12315
6836 3821 31845
25344 14808 3652
23380 21909 16692
13093 13076 5488
23952 13960 23241
22262 1104 16525
295 22746 22766
2074 23943 8416
1704 5574 30522
30183 25206 11766
30493 15142 26943
9797 14189 4278
28236 10794 1501
23888 3581 13013
19430 9561 14523
13913 4447 21275
27181 21008 3405
21590 24751 29755
14588 12535 26880
18666 6479 32551
4666 28188 12884
22663 24072 13094
22811 13498 16659
26457 22473 19749
1981 31711 6120
28146 29458 31974
18177 22619 8699
9729 10605 6693
6837 5578 3944
32362 2178 25805
8295 31644 415
9121 28844 17095
26997 1112 5399
21526 17171 13082
10559 15513 2012
8716 31681 24901
22141 19574 21720
31549 3619 13606
2862 10576 10730
9231 23282 15042
28824 26422 13099
5967 19595 6863
27980 26733 24560
15522 8968 26578
10550 3764 5735
30518 19394 3364
24602 25946 20709
31571 22540 1097
29963 19527 27705
29917 21813 27218
22979 19334 4265
8686 31810 29255
13031 13292 10076
27649 31200 21198
16023 23796 19555
3953 32618 31875
29912 30959 12698
21559 29744 29635
12740 28679 284
3118 2613 25559
1917 18394 3586
19006 15388 15038
10838 8332 6300
25409 25094 9228
21421 4514 10091
5254 10626 24215
2160 8 2180
30004 24810 31718
30280 13327 1832
28416 16574 27042
9931 20803 20396
12272 15832 1139
10843 11116 28684
10791 1425 12566
9328 6933 28094
6119 8493 25487
24954 14703 6560
26958 28719 26045
25265 7791 12563
20095 16737 26043
9818 11626 1955
3115 24745 10716
29549 31659 30413
16832 1038 2847
9645 14771 14786
4004 11389 22628
29572 4888 14645
28993 24355 21468
31042 592 12184
29144 8827 26970
3479 27840 2134
29775 30308 22422
4444 20710 31976
25969 8410 8068
8452 13180 18650
11615 12581 29761
22609 6627 27161
24616 6554 27477
18721 3898 21795
22198 17479 8235
27751 16106 23793
20632 8476 12057
16567 27277 23725
21590 27762 11082
3050 14974 1429
1863 25343 20579
24001 28533 7586
30506 21651 31687
3985 8434 3009
7921 6460 17079
8549 18288 21694
7541 25752 4554
3858 8848 14403
28695 24964 30579
6194 27328 32613
23671 29802 24199
3075 31495 22205
23495 3289 24323
1691 2813 19458
8033 7979 14984
16116 31258 19354
31149 17770 26436
7604 25822 21666
26491 12977 1852
25289 4486 6737
30042 9908 9016
13355 1348 32720
6547 30529 18368
6748 5172 22489
9939 9173 2027
16264 19847 9138
1193 19344 15596
19538 4767 17772
12893 22579 27300
2472 17156 18276
3543 20726 20641
4413 134 3967
15238 7757 11343
24183 30182 7828
11653 9204 23632
4082 4054 27904
30583 2272 15914
11756 2868 7006
10701 23784 5838
25644 27857 6865
10872 6717 27566
24138 13851 12905
14892 21774 13654
27490 18307 28549
23748 21993 5568
19093 11389 11586
106 27578 3039
5093 22118 857
21134 2166 19224
10577 25273 9975
715 18388 14495
2621 15955 10357
4946 24992 27120
22401 6843 3831
4982 20883 9951
24772 2987 12131
3168 15531 14065
17375 4679 20009
20773 24701 29952
3458 10438 13263
6822 13051 5466
30296 23682 27210
11533 22942 2510
23115 32156 28032
1982 21748 19569
28618 12993 17291
8720 14855 25860
8982 9393 16790
17975 9492 1582
24064 18581 18538
2336 18825 30494
32416 24901 4101
31015 12621 29478
24557 28437 15312
14070 29106 3174
11585 17084 31057
4849 26280 16309
22056 4974 26988
20211 29960 5944
27150 8523 6283
5970 31510 18030
31656 25768 25678
30550 644 26008
31279 24548 28043
19633 2457 11207
17088 11451 11207
23199 24913 3575
5761 8034 29551
26792 15507 20223
