583
23584 31024 6938
29506 30087 16688
20154 23744 13876
26866 30293 29832
330 5535 30401
20267 4075 30562
27853 20044 21755
11803 20261 19191
20006 26200 26485
14900 26148 17025
26321 32731 19515
25682 6485 25513
25862 10894 32008
23700 14454 30450
16390 9820 278
4200 27103 21859
16531 30078 13370
23742 32123 13078
22206 14988 3653
4959 18994 16006
5522 14596 18146
7896 5042 31395
581 20272 12650
4736 28638 19988
10228 30331 2400
23672 27208 27711
25109 21392 29594
11709 2432 3299
24356 12761 322
4257 11557 28002
19002 32310 22826
8264 19696 25375
9612 777 8500
29692 16442 26733
30978 23527 9400
10099 12969 5637
24424 24971 22060
1370 5641 30981
489 16098 31101
19402 2680 14813
1231 1610 20950
23146 11636 8885
6595 2647 26833
26734 21864 21560
11006 32701 15933
13494 17098 28100
12330 5674 14079
3252 4333 10859
2279 21568 18107
5859 14 1618
554 9961 25418
5117 24398 30795
17145 20148 8738
22057 14474 14777
4650 13834 16191
4055 14679 2857
2608 20820 2603
25616 31636 28194
12573 1640 8508
24661 5439 32016
23136 19162 19486
19564 2718 28773
1258 16640 32320
5803 11991 3133
25534 10706 24258
9114 32387 13349
14360 5607 30452
32269 23796 19166
27567 27196 10631
24828 10256 25132
16061 7567 9210
26312 8221 8975
12500 6505 26866
25009 30673 20739
23720 30266 11637
4001 22136 27409
7765 27662 23624
3993 31006 17365
22732 22973 31192
18796 16626 1485
23148 17069 10365
26760 11364 2949
2543 10106 32755
12528 17837 19336
31797 14373 7262
25033 19639 26125
10388 7831 2106
6906 7086 14054
29876 5782 16893
25557 19608 14362
4645 17539 26967
3776 19398 4644
30503 20090 26972
23124 5635 31972
26980 13226 3059
27255 12993 8337
27789 19456 6237
5203 22972 2129
16403 20087 16832
3639 28877 77
15990 18092 3049
28871 31194 30541
13794 4746 15306
10510 29228 16453
1293 26412 13919
4930 23443 27235
14488 2107 11262
1122 32028 26222
25698 24444 26431
7411 11337 26272
20869 2638 24059
27019 28934 25153
9468 20796 2071
9700 26069 30888
11302 25079 21271
32176 8934 10102
21406 7760 6829
29294 7699 30233
16922 29456 11700
12257 762 27907
29784 32697 25708
8447 28077 31007
22596 29848 30661
5493 30638 19543
5329 32434 29460
19471 31276 29272
14657 29038 4251
20646 6598 15571
18899 11278 26268
23647 28475 27881
22796 3407 19956
23914 15820 10121
25623 12752 11371
1908 29501 24800
19950 18957 7237
24723 30396 3896
26705 6924 6071
13907 25362 12236
19116 18705 10822
21801 32237 2182
5758 28156 828
20606 24869 10139
1515 17683 27582
13319 11330 32383
3181 29798 26657
10030 953 10163
15078 16408 32656
29108 28817 32589
20363 20012 5671
31953 11892 17491
12116 8619 17670
28291 28499 3385
18931 10804 30995
25798 25388 1066
27282 16734 11356
13549 14221 12257
1717 16762 5980
30551 5616 5176
2584 6531 3727
8749 14590 16827
14694 28786 13848
5623 20569 3556
24346 7719 6247
21789 26506 13770
23784 2723 20003
15292 12306 11102
16764 29775 5314
32592 14309 20894
30074 17536 16017
5662 3237 1591
17403 1398 8739
29807 24962 6033
16897 20361 26710
25073 20616 15422
13720 11078 8058
5080 4541 23871
26776 1186 7988
18592 20839 5789
7240 28565 23604
26740 31815 19013
27222 14514 7140
14763 13235 3891
5338 7329 22406
6872 29906 15166
27231 6015 23431
31842 9579 20531
17448 6543 6901
4511 32254 17659
5165 8393 6222
30179 31784 2557
17793 20257 31785
23558 31106 21505
11551 9125 18280
24401 622 15163
16981 4279 20978
17097 26013 9288
7489 21530 18475
26709 49 18239
7969 17800 26779
6972 21439 3376
31582 22273 12422
474 19110 30364
27037 20001 16750
14508 1139 24007
26691 24601 25254
19716 26443 15874
29732 25117 27015
6135 21648 17721
17749 15977 22503
27249 3641 26462
19043 25126 29660
8553 26527 919
4693 29402 19709
9650 6056 31026
27461 23083 25228
7386 15246 24268
32370 11540 15202
14604 8386 30769
29725 12258 2920
13317 4502 6107
30863 19096 19457
9579 29612 24350
10516 14720 17343
7977 22633 23645
19158 13342 12068
23206 32466 26853
1749 14519 24429
22501 928 28730
3452 13616 1435
11257 26482 2298
18807 30192 20262
28240 31843 2983
31958 10759 18221
19647 875 11762
5290 30666 27134
23640 5977 10592
32412 8100 21059
20847 17990 10847
10533 4818 11836
29532 15313 16677
25212 16946 4306
28888 28037 24559
21327 19843 1376
16395 10290 10873
10721 13723 24200
416 30763 2247
32555 21632 22386
126 32671 9113
25349 13417 7227
28666 13707 15133
7561 31503 31116
2196 3311 14523
25396 4318 7310
10150 30548 788
18026 985 17322
12430 26315 1928
27746 29781 21988
11822 13020 11995
17587 11744 22960
10730 24872 6874
2544 30939 1417
26975 7597 10504
30485 16832 29628
22148 30696 23226
12473 30985 12318
19972 4429 32049
12859 6953 12717
32233 7883 19604
28259 12835 11077
29417 16977 25292
4149 27292 17907
31998 8858 8124
13284 5238 7309
17423 5796 27208
22820 11108 920
19409 1942 16933
1874 24046 6560
21036 10003 10347
28967 2519 7054
30143 4382 31071
10479 23286 21930
31333 14364 31726
30596 13774 5435
24518 24224 15313
30580 27028 2060
25166 13816 18774
794 23906 20034
31020 18881 17976
8093 6852 30785
1058 32742 18709
10246 19432 3475
12880 29135 10592
25332 3603 23311
18238 3769 17376
12947 26926 30133
21967 8294 19488
481 25471 27890
24803 17060 22866
17255 5366 25169
8154 29537 7579
5362 24462 30149
31020 25668 11458
14571 6834 32002
12246 30723 29620
24934 7597 8625
20557 9454 5216
4603 14721 5468
12340 9061 20945
29952 27850 23386
24589 10809 9878
13774 31850 2106
20626 21538 5077
5386 12852 4936
13702 28878 16797
19751 24279 16971
28179 18753 14679
19623 28337 8339
32538 4719 26973
6332 31060 10719
1531 14946 19750
9821 16864 9938
2744 15174 6026
28902 12936 31725
20110 32044 9474
23777 2001 11588
12368 23151 23035
23178 12403 26728
4649 25590 30099
3877 27875 21312
25747 22983 23373
23879 1513 31171
10401 16819 30381
17311 5084 19929
28655 26870 12728
1760 22606 5058
10971 16162 5062
18139 10830 6869
1482 10170 4144
18411 31123 5507
15532 27958 25783
12611 1832 5328
14333 15221 13759
5562 12912 27340
2290 16579 27314
8236 12186 21676
659 7161 14113
32137 14562 6293
19442 25450 19844
28196 24110 3131
27586 9107 32417
5353 3815 4312
2036 1479 5387
30331 26660 17967
29738 11861 7731
29548 17785 22936
16413 7895 6905
12303 7437 14145
21324 21671 20433
8593 24520 21295
21899 17582 12490
11100 31914 3232
15436 3344 16409
10482 21178 10715
25270 2650 13826
16323 24326 25500
9963 16704 32551
12715 23719 16011
12550 3857 6827
29720 27346 22162
22718 8801 13232
22796 12624 4838
9392 10914 2574
28274 30207 19225
10931 18591 27743
11650 13857 1180
15061 25370 14768
30510 11425 28014
18118 27125 11123
31683 19112 25585
30172 6068 6287
23365 6659 1309
23039 13370 2201
22840 22868 12678
21519 3334 23198
14799 28678 3825
30382 5739 1287
6063 11377 3946
11380 18025 7293
2262 10430 18461
8938 1337 28121
3649 17251 12640
3565 22697 7036
23903 24143 5802
20294 1749 26799
25472 9250 22641
31891 8685 15826
17077 29956 31523
12758 4602 1670
17636 25845 9653
10574 4840 26394
11512 29616 30591
16737 3132 30935
14199 27250 20573
32696 30016 21774
21222 9800 5966
19687 29583 17645
28095 5557 2820
9779 23358 134
31464 26305 1319
27477 32538 4491
20203 24287 9271
19529 9399 16050
1888 10279 22864
16263 17213 27326
6978 6097 11841
25411 17721 7830
20016 8190 3503
19582 9439 6142
22983 21290 14908
7436 14201 16070
1933 10717 17136
21986 10237 24716
31536 11133 29268
19783 18940 5987
24582 16712 17143
2234 25967 23046
24073 26327 8029
2221 12548 29782
31183 11724 27784
26729 13308 7502
8228 12912 26007
7852 2493 7114
26962 15713 29748
15339 20641 32157
26947 29359 17600
18749 15016 23790
30967 10491 9862
30545 4637 7650
6920 25444 10075
12038 23879 748
16434 32625 5998
23930 29631 96
4636 1088 3390
5040 7433 26660
22990 12947 27373
22035 883 27783
25757 3480 7521
21129 14199 9645
17784 8837 8961
13265 32523 18194
18893 26970 10981
32604 2464 6925
16526 17249 7890
26348 11466 14433
5880 27727 31075
18831 22209 18998
8744 14605 14110
22494 15158 15639
32166 19346 19574
32127 13368 17348
1639 1369 9186
26204 13342 31991
30465 2640 3723
16408 18090 8053
21757 9308 5961
18581 20200 1019
2184 23489 6887
24759 15475 15592
28413 13071 14809
18089 11808 14774
19957 13670 30456
23875 12621 18586
4068 31786 29659
3692 21566 13035
29803 3460 1760
29833 26436 16669
11750 1854 12298
7003 23478 14701
4835 479 2366
25304 217 30874
25981 1555 896
28382 15941 9785
3032 25275 26175
9437 10356 20104
15407 15427 26332
5312 14201 27088
25649 24080 7653
23744 20751 7597
18079 15639 27831
12267 3714 24282
15214 18188 24981
13694 31776 6741
32214 7073 8521
2920 21303 17144
20758 13773 9447
24713 12487 7378
20434 26906 32599
27541 23147 29161
17247 31583 12713
2461 4152 5171
14159 7549 9823
7079 1393 16096
29470 9715 2868
23780 13161 7496
26325 18019 15879
29539 8429 2083
14578 4449 11507
31565 15871 31189
21250 6177 12993
20760 26332 24807
22443 16352 28720
31017 21110 25620
10264 15647 14274
17375 28646 28011
22528 30468 9504
17159 21391 31345
30409 32635 14885
25110 8162 19795
14705 23799 11057
1232 7935 16256
9281 10462 12635
2073 22954 12358
9337 4603 5266
28453 11604 27202
26996 13469 30934
31555 1569 28874
2552 543 8452
30455 17194 665
28073 12306 7925
11556 14977 20830
23519 27456 7135
27496 8079 1543
18503 25916 21809
6915 2536 14296
19228 21315 26983
32225 21426 4270
30174 11157 28040
1431 20005 769
14024 27281 20304
6260 12243 18052
3192 31539 4394
32000 29631 22126
14478 5842 17550
7795 29030 30933
15137 7714 7266
32011 5446 30881
31326 8684 21601
29521 7817 17406
24756 7168 19398
5542 29149 8032
16722 18750 24736
25527 15015 8551
17895 15321 9889
23457 2823 18004
23008 10521 20293
19690 16493 10689
18073 14404 21152
7590 30130 27620
20801 16511 28473
7772 3309 897
30298 445 15547
6523 10881 20563
10272 2334 8289
4495 10256 14748
3131 11077 17254
11638 24925 4888
27270 24462 2793
13362 5697 30340
8663 23864 19961
16959 17469 19068
22789 14282 29134
8309 8022 24418
4513 27245 32091
26829 1333 29050
3875 23021 27825
32687 14018 2964
112 25491 25077
26778 9148 18386
21257 9005 5338
13107 28920 21609
24136 17610 25302
14888 27970 111
31339 1820 29066
