786
1857 24490 24303
13649 11400 13052
2503 31654 25912
17696 256 26187
10395 5193 24019
11815 32327 12994
11822 6909 31301
25219 29182 7071
17522 3842 32170
11871 12070 6475
26079 11719 8468
10835 22675 21898
22129 32649 1860
5049 15705 26031
1665 31290 29038
21992 18092 25719
6850 26898 2558
9555 13303 5461
31691 20834 31652
27132 19720 31065
5371 15748 31242
26819 7081 499
7568 15606 12030
13164 29956 26694
14414 5375 31230
30072 28823 12229
13578 8058 26979
18477 11691 4433
7408 15761 7072
25170 18831 2061
15717 8853 7242
18576 30717 2983
28361 7987 9199
10623 7287 15306
11151 4019 13024
23737 24190 28396
349 12298 7796
7832 19444 19132
18749 28382 9594
10845 1026 22231
13562 29915 19402
21243 27227 27287
28480 2009 26172
16059 21943 32012
6435 18894 14187
1130 24023 19077
11018 8574 4874
10460 11379 1337
30779 28518 189
29156 20955 28385
7035 7001 6319
16398 26942 22387
14453 6080 9052
12995 8650 8498
4336 15748 13131
21149 22818 9425
15867 28682 19113
27670 10469 12389
15502 23237 30722
14548 27698 29258
14940 25159 31890
64 9076 32079
31434 8421 21473
2099 3032 17867
5435 2881 10147
5329 3383 3938
1340 13138 11283
25329 7267 20892
23093 8397 24653
2724 10511 11693
6052 27640 2885
8116 30160 14836
22546 17478 22901
17465 7656 14361
21564 24155 2134
17807 24535 20698
23855 32067 25663
22100 21737 15585
29504 30968 21059
6204 23864 25662
15658 22682 796
32469 1246 1618
2491 24797 3409
12442 21063 31319
3024 26522 23569
32218 5860 7365
29588 25479 28027
23912 21173 6207
14659 7043 5705
11539 20567 30937
11480 6907 14877
18499 8864 28363
31598 14665 28381
29028 28152 25075
9800 8231 9953
6877 14046 2480
12461 24970 4322
25280 7266 13562
24869 26490 11754
8319 16517 23763
10168 26828 31924
17988 31151 3919
24123 9153 22335
8129 4030 19439
30929 31739 2689
13970 3173 6667
11307 19268 6521
26759 22986 2157
23597 19745 21528
5743 23462 29052
8445 6945 16304
21054 11860 24959
10663 17511 4594
10656 5271 25825
2788 13544 162
9815 10233 25214
28066 29003 14209
28672 26896 2659
25683 12918 13093
13060 9237 23429
16190 14370 23223
7910 4997 25431
22337 19478 19406
562 3535 12366
17343 30673 13017
21685 11316 3250
7096 27861 4065
28870 2150 2379
2874 9159 14982
25283 15247 14284
32164 20772 10620
8731 1213 17160
12928 3646 16642
18799 13804 26457
5593 2996 2303
3002 3621 14272
30287 24242 30407
17021 19562 11427
613 3213 16318
5467 23145 16189
9142 28832 16717
30132 16166 24844
10775 1649 16361
2332 26911 244
4553 5763 25112
13242 7326 6084
22350 20079 11706
20479 15917 29792
4229 32011 15619
21295 6757 17350
13831 4554 11745
13993 921 11165
30981 10912 18891
3079 29448 19992
289 32267 23852
13913 7829 17481
19174 22294 31966
27948 30015 6210
27378 14180 23930
32294 970 6807
759 6065 13157
18515 12375 9999
3343 14664 9185
14461 22243 6836
5924 7003 28303
12318 27102 29058
27479 32071 29725
18649 8541 19550
17316 29475 27167
25715 18576 4123
22081 1070 13628
32195 11405 29889
5473 8953 23096
18715 24706 18507
14438 7518 2951
29452 19185 27284
23976 30375 23654
17054 3212 12340
6993 2156 25522
8265 7355 30836
31505 22291 26608
5468 16635 26277
28550 19706 23367
20367 7066 27007
9135 7091 18781
8943 17271 6996
25552 25813 12880
30832 31179 7220
7291 5200 30020
8640 29745 25437
22478 5198 12867
15157 8288 14218
2558 18174 15960
10984 5201 5627
13759 3293 13874
30812 22735 24142
17981 7771 15026
14921 13726 11652
16269 13811 16434
16468 28093 31937
26601 1030 25697
31979 16239 26794
6936 14366 18443
6007 20236 3186
26311 9058 16687
2459 13521 10224
10692 9827 12065
19016 1314 27224
2396 20620 7604
24513 10232 17257
30533 25047 1442
19949 32634 6962
2012 20377 10144
18562 1771 21688
19368 4991 3312
26863 2672 6691
4181 30740 29509
30230 11626 12611
11429 22634 9040
8239 30793 3464
6167 28855 14435
32106 26659 4282
23076 31755 1236
9259 18817 32284
9830 32616 21047
1529 21781 7111
4620 23771 3461
14962 24664 27727
1122 10614 20165
19431 19779 24342
10067 22319 26837
24421 2975 24546
32309 8212 6500
20574 17309 24200
14402 21078 23107
7215 29886 19911
8574 13589 3211
21549 17707 17586
4104 19446 2895
19719 15625 28727
9470 21481 30426
30878 1659 27292
32641 32168 2720
21411 22084 27923
25984 15063 24427
8855 10828 13239
14663 30929 26739
29183 25203 26240
9229 28796 5466
31731 11642 31262
31993 21698 7238
18767 9959 20925
29008 12675 22162
12066 9260 1808
7627 19219 8133
14657 24197 12358
29255 21157 6617
14591 13372 21421
12366 24123 27381
7030 30552 1838
27179 21220 18462
27888 30950 3568
27520 26228 15774
5955 1881 12473
13728 6659 28929
1860 15284 7661
2327 8397 25085
2468 1149 25657
8992 8008 18083
27080 11945 10059
12553 7312 21674
15744 3071 4138
21668 29813 27824
24235 5035 17155
15454 8917 32198
28707 17647 25231
5781 28931 26281
32147 32054 27994
23354 29799 26472
24056 10747 7054
22513 31137 12661
3839 5182 25627
27173 31190 7498
21382 18044 1610
12225 8172 21546
2527 3940 28953
668 16860 8623
32429 12995 13312
7097 5743 29720
1905 18269 23780
4829 27125 9111
31777 23461 21860
25648 13533 14358
18782 5278 1482
2286 19769 25126
23846 24900 20029
20803 2188 1809
11796 25163 22289
23790 5500 26960
8588 6431 24383
7492 11573 28113
12133 8801 7282
1696 2728 5064
25069 32604 552
20585 27114 14349
18272 3874 28120
10804 15449 32299
9765 9044 21533
29105 20055 2225
22383 26049 12121
2136 25017 22376
9234 23391 10822
14617 19516 32110
28081 1614 24948
32127 2974 14962
25229 19425 11431
12031 2346 10627
1178 9444 15756
7279 1249 32041
31912 3477 4929
25813 25725 29642
6344 30736 23204
12304 32000 8325
297 32536 24937
13066 28057 9221
12582 4227 22108
12403 22775 19971
10821 3512 15207
10293 18024 11113
13639 17915 15916
30497 18010 3668
27041 381 12882
5507 11795 29803
11771 25966 13535
16037 27831 9540
1157 6264 8746
25698 12287 17866
19510 3192 4177
14683 22826 16103
15458 32075 32310
8558 13066 1245
21027 24070 27500
19322 64 23050
16262 25849 10144
26779 25862 25373
14978 31811 26719
13407 29201 7128
24093 24558 10830
7844 15989 17141
14922 29634 7969
13084 7320 30923
16235 10833 31746
9139 6791 24520
30843 1005 29733
29248 14421 24278
4935 1929 6580
27472 8016 1347
6211 28845 21342
18152 15141 19664
31706 29965 7983
9614 29262 25060
29012 18778 2934
3846 28000 802
11161 16495 13546
25972 29977 16586
4739 20709 17738
15088 32052 14771
29568 19627 28712
28841 1644 14015
27301 29507 21416
20011 11329 1811
15760 4780 338
9315 852 3715
13222 29724 22347
25464 29556 25831
12170 10527 19603
7057 1206 90
31722 17076 29462
31 14632 32148
29164 24443 18613
583 5382 215
27112 7961 3216
17019 30074 12078
22316 14416 16442
17001 23109 13034
5635 31885 21663
14277 24811 28578
24371 20175 20670
30107 28731 18727
5803 19765 5257
25893 2364 32290
21276 29594 17548
18535 28405 25177
6836 8963 31527
20470 26758 3537
29998 3277 8830
15023 22913 11590
11765 20960 26219
4440 23192 21935
278 1356 4121
26965 28905 24516
1060 32541 25875
16635 3221 12742
30824 22350 25064
19753 10093 19708
26096 18972 27822
17194 17100 16789
30552 32298 30232
6931 12291 9980
7264 31289 32720
17941 4314 12220
3508 23392 13652
12672 26131 14211
30315 24062 16529
31331 24574 3817
22565 23274 21986
16145 2415 7176
17623 18311 11083
21239 24507 30722
21926 25284 15614
3713 2704 20747
26710 21042 30099
22530 15540 21907
13635 22968 6774
9175 25367 6303
19934 23947 19831
22857 14787 2169
6166 20847 6790
5837 13954 2103
30024 26998 29946
2998 1882 20943
895 8116 18933
22143 14125 18864
24108 16286 30156
24100 29982 11801
32675 29451 2160
16983 2956 23455
30459 5660 26958
4455 22977 3502
7718 11889 9510
17463 12199 23773
27229 5995 4293
24475 19744 5738
25900 6260 420
22504 3798 12111
26316 31627 14812
16045 4253 23188
23180 10615 22258
11202 20925 32249
15472 7795 11103
2606 16829 12557
11094 1342 30957
18076 7305 29253
27965 16317 5685
8278 13060 6842
11144 27584 13286
24310 14699 9359
2891 22412 18079
15958 1807 24883
10763 11564 8316
20325 27476 5109
373 11456 4527
10211 27123 23212
21747 27964 2486
21566 25843 12637
8756 6236 15114
26111 1238 32546
10743 16825 16739
32389 8171 18886
6332 8758 20193
10505 1995 15049
12078 30798 32438
2071 4185 23507
6232 25313 11308
6663 26097 10678
28683 3985 8988
29974 28805 9364
26114 22231 15145
10033 8142 10440
31387 12110 353
11925 8423 28566
6214 3818 3092
6081 14312 26587
22781 11286 770
644 22620 30254
10584 27116 23080
29434 11685 26928
17185 25096 18388
13533 8361 23041
14194 17309 11989
1655 6756 6678
1220 29405 7125
3599 23343 1751
3955 17620 8514
6069 19675 28892
21418 13113 24401
4778 18928 1953
23989 16625 28165
3297 32434 15355
4638 21297 15673
20555 22721 6855
8494 19586 25376
6374 97 3711
14759 3607 19391
27594 8913 4535
15562 31027 23615
14001 30534 30134
27147 28045 29493
23714 28762 18346
17158 25339 19248
32711 2570 25628
22665 27592 14119
416 10405 15287
22480 31363 2211
10762 5940 32133
6993 292 15798
31439 29763 6686
17566 14553 26914
14534 21006 12427
3399 26856 12599
29859 2952 16589
6860 10326 21074
11522 25015 18746
17913 10586 22540
20579 27979 2870
59 28364 19563
16644 24201 26873
25053 11014 32449
21979 31197 29013
550 17652 19445
31525 18861 4028
5838 27466 4201
23106 11847 17916
2631 1814 12228
9175 23291 8807
20680 5669 31034
2153 31687 8288
21034 19193 12085
27379 16663 6788
21219 4929 12135
13861 30603 15592
28880 9997 13482
18503 12232 19240
6285 21054 32317
29438 24239 24884
24199 5847 24642
25439 22683 26402
29452 25151 28545
15383 10868 3948
2824 10396 11997
3730 10680 13413
7986 8378 28424
352 12482 5323
25041 24656 335
8528 28419 6327
20321 2939 1175
26618 3296 16234
22724 31680 32738
15786 12662 27547
26050 506 16380
30186 19570 18257
25856 1022 5650
19746 28861 14715
23233 478 13164
4865 7347 14011
29183 22540 643
16564 4882 25625
3019 10960 6175
2827 29683 23976
14065 7372 14150
24611 10075 19511
28235 5509 31017
32054 29522 7336
1623 15911 1613
13448 21889 28805
25313 18950 155
25796 31933 4837
29666 28028 22059
23065 6418 11722
9444 24897 17114
9972 14633 31602
27789 18763 23311
17718 8730 3158
4635 7636 9278
21036 2830 17874
7416 6690 4098
18105 30782 18086
18102 2072 13550
31339 10535 13771
16903 20679 27744
23421 15385 30041
18834 22892 7930
24302 23911 5740
16315 12709 4500
4911 8922 3154
17582 17091 697
17697 9278 19548
6735 22908 27927
6740 2078 5422
1511 23152 23909
13512 10253 21349
11670 1859 2730
13211 12810 21224
17403 15664 22004
365 21734 29504
16020 22369 4818
11364 9133 15050
25532 11896 3128
19724 135 14242
17242 23564 12692
6287 6548 28310
14739 17408 17978
28668 25241 30598
32038 16128 24946
24969 3245 9204
824 26767 6098
29216 22820 30651
16570 22628 22181
29844 22368 9503
5551 16905 24714
335 13654 29873
2300 26361 1691
7255 22763 22219
31622 18101 15284
4352 3189 8064
12238 21892 1971
20901 13053 28504
32588 3539 16073
3897 18720 23097
26927 14716 17719
3985 32150 19261
24148 10077 8709
23224 30925 16240
23698 30455 17305
30385 3358 2734
8107 1820 12095
26211 4478 16649
30846 13777 28914
19377 9923 25743
19286 20206 4877
13805 11206 27202
23654 5151 15799
7451 16151 23197
32208 1109 27672
8137 27900 4353
29898 16850 31165
7269 7912 15065
5059 32067 13499
83 7613 607
9614 29103 12655
30267 2658 6712
27140 4133 25315
19004 10406 30323
7834 19310 1869
13838 18019 13449
28116 21293 23074
8246 32082 22371
14002 19248 17831
220 6174 23974
31061 30436 3092
25569 5010 10152
26774 14886 9371
13121 6899 28638
14410 2030 25334
26100 2795 5025
20061 11391 76
11966 2188 25505
4371 9247 21123
9134 8788 31323
14094 12433 31587
25160 20283 31852
19943 28350 11025
15743 1072 31134
12927 6987 18891
23059 4755 14071
595 20504 2797
4850 8841 18747
12146 7642 8103
25248 29253 25757
26866 19528 2547
12254 8079 29075
2029 4250 151
2820 13116 8203
13678 32069 31600
30412 32336 10603
6105 7999 27436
4730 9978 1836
5814 31788 25147
13482 6072 26350
14814 16963 7336
3372 27956 26195
25984 17870 29457
2481 4042 28675
18045 12689 26874
19517 27564 16553
15105 26237 16689
21395 18207 30160
29038 15475 25337
21785 6223 25049
27627 30994 28984
1257 1183 1934
8507 12985 20703
29697 29071 25850
9127 17729 3645
5595 21375 26766
7453 19242 10503
13777 16641 23740
7124 2337 23856
31248 20858 5515
11542 13103 4842
21779 1081 2262
11263 14838 19055
18391 26963 1330
2127 13245 10327
26184 6117 17583
11683 18497 19882
31895 13706 28655
11698 6019 29426
20341 296 6987
28770 13066 24568
2676 1885 11001
715 15956 25071
22252 28984 11383
14981 30315 24632
6978 19970 25248
21723 2518 13326
21853 24378 20279
4529 8544 429
13486 23074 16341
6206 3947 4569
22300 21597 7535
18411 7885 8405
10665 14743 17657
510 15199 21532
14515 17972 21712
2254 32207 6793
1304 10089 28138
22455 20819 12965
2731 7001 14597
25355 17735 346
22970 19462 24395
4525 30185 22333
18582 13886 25374
2592 7844 19753
9048 18881 12563
11051 11696 4326
12127 8789 10812
19548 25585 24840
9523 20878 8280
15645 32082 9046
16086 16228 4478
30994 23838 848
29098 15355 13404
16112 5883 28338
12918 1825 26410
13084 14481 9219
1835 25200 8920
2473 16652 27534
32120 18709 287
27539 2799 3427
11867 13482 32647
31044 25088 14117
5661 30894 17018
204 25127 23250
1416 18036 758
18511 23965 11220
7224 27045 22151
15765 14272 20972
25934 20904 29834
454 12127 16860
9977 5778 19689
13488 20068 31202
2696 26725 977
9519 28193 13400
17920 19916 781
13455 18092 3353
12665 21394 7437
22777 9484 9852
417 24710 1739
20305 30508 8451
3642 22930 1278
18193 11716 17679
26228 12326 24157
13053 21441 8252
20070 26952 18414
32710 30673 8235
