864
30443 27246 11999
31823 7338 22215
30552 1948 9430
14146 1313 464
14290 13517 14149
87 15780 24163
19359 18737 9627
25126 924 29863
20789 23727 1602
22326 9791 12962
9073 18384 3134
10373 23657 5700
22798 11474 21901
17914 28873 2122
5479 24803 7403
26765 13547 30384
24243 30952 25856
7234 16588 32110
27964 32610 27692
9290 2031 25267
1085 339 16228
5604 3642 26593
12387 15914 26588
5855 22010 750
4407 27426 17022
29379 19934 3065
27084 13466 24910
17926 24788 22841
27274 2124 13913
24809 8962 14216
18674 18799 1209
19397 15957 14398
7079 27691 32724
5355 1629 32024
24616 10209 27111
21618 20078 4438
23798 2107 14959
11390 3647 2917
3620 13054 10782
3304 24698 13475
17279 19731 17746
14164 17406 23839
24268 4933 10061
32010 5061 24430
1494 2979 3998
572 12962 15585
28479 14982 28794
2680 16220 13506
588 4782 12279
121 6864 22891
8487 31224 28522
8080 27927 31817
29267 17546 4945
28513 30708 26151
10557 1691 19346
12968 13284 17253
30512 8471 20218
4153 17073 987
17692 2000 11838
10633 32086 15506
27623 32765 25064
5200 7309 28074
9290 3125 21503
21806 621 30970
10339 30505 28996
5978 20696 9808
20611 198 5977
445 2983 22617
8676 10633 19510
17422 22236 8605
8520 1585 24749
22213 16454 19219
5294 31239 17138
32514 16715 9778
1703 16504 10083
953 4322 17043
8943 24258 7426
13253 18149 25467
14156 31949 28764
29869 2354 27622
5360 20627 15061
8254 20584 30700
3528 18857 30102
2895 5399 4247
9855 4799 11912
14916 14268 25471
8480 23854 25376
6183 1257 14796
3483 20216 22515
2941 9310 8813
25753 26047 21824
4114 23813 29089
9825 16793 20471
8059 12557 27691
23233 8412 995
14844 15511 16068
28726 29218 12037
24595 18099 21159
10177 21570 18244
20701 26531 13905
18485 13297 31474
31744 22678 15811
3809 1346 25056
22005 16473 16367
3291 27459 18425
13241 28094 32530
10076 2657 15256
3915 15258 26667
5872 21097 22801
10383 9128 31185
21605 21297 31272
28258 7365 23827
13240 15182 19312
2569 5676 6952
19576 622 8903
23358 1222 28950
3162 2344 6495
15747 22700 7841
15334 13916 12574
8086 8289 16410
9871 24189 64
23557 27774 23272
20123 7007 20334
28250 443 21215
27279 15193 5596
8801 24730 4804
11569 9435 7165
17255 28969 23699
23096 1997 6385
12175 1671 1621
14650 2125 10177
6024 16700 28341
25984 18090 18682
11596 26754 16527
5320 22186 6735
9393 29195 16174
2076 27775 20801
16112 27888 23799
16705 20471 9989
13942 12227 23725
7281 5839 4898
21135 21253 16795
24929 19753 16246
17105 30829 27970
4026 8087 23457
12372 29877 2391
27279 23615 12053
18196 29950 21309
25467 18687 20527
25625 31195 6725
20837 27292 3109
9516 20899 21577
10277 32094 7864
23882 26792 9348
32121 6569 10720
32023 8526 7875
23817 24435 15600
24826 16205 1326
4208 6571 30693
16039 6268 18784
24962 9954 17118
10822 747 18835
19525 9953 31463
28536 11080 10494
25437 1260 11432
21737 28602 20154
9429 1249 19091
24879 23220 6345
30348 3443 4000
28192 13944 14617
18607 5171 16577
21492 15670 4241
16906 24620 3727
18368 29460 16530
11545 24110 17886
16689 3713 9578
28177 3621 6464
27028 18586 3249
26981 13075 26265
19083 21141 20613
16250 30586 17232
15612 20065 7459
28021 13927 7884
2336 22537 6222
3188 7507 15924
20163 14964 31354
24460 30101 1452
14595 9623 30662
30312 9249 17034
17215 30013 11039
11607 25795 18228
31989 7911 8226
5419 537 29860
22703 631 10391
7227 24051 5838
13924 27808 28835
32613 5615 4178
5072 27477 20730
25824 32350 1859
11688 29612 16567
23616 8663 26607
29376 5614 4271
9725 32269 29668
1659 26571 22609
27220 26296 686
16920 13803 16492
14949 23992 26361
15546 17754 12932
10194 23474 26149
28740 17012 29550
15954 1762 10602
9562 15972 26214
2032 15827 22297
31524 7511 12788
20464 14900 26539
12204 26345 21027
24980 29716 7564
21480 22394 23552
22316 26650 6124
25301 11373 25696
835 922 6148
21800 16002 12369
24766 20380 3457
21383 25796 8145
6219 4138 10781
10050 8132 13211
22644 32638 25999
3588 28 13597
19246 9452 21073
12024 27755 29704
11969 5530 14583
12372 10827 20209
20818 16739 29446
25161 10986 25843
13701 22652 16263
12485 26457 27746
19430 26284 6872
8079 24996 20195
16413 1854 20575
3235 30544 25992
10775 8437 22568
25306 26330 4038
21165 31653 27552
23353 3395 30295
30836 18753 25572
30091 16852 10094
27821 31356 14683
263 9628 27584
18845 31578 12184
29747 2387 19536
15025 20017 10680
32580 1962 20232
9266 31765 8884
18092 27445 1146
15229 1965 8804
7062 15977 11111
8698 3021 4895
26233 18793 32469
9288 376 25921
23568 5267 18916
11346 24857 17661
3930 6165 10397
4175 268 7240
4972 24552 32623
473 18383 32188
13875 26885 15133
18333 4728 14017
31113 10170 26943
29017 8254 30309
25118 20567 15790
10521 31289 934
3110 29371 13165
30199 15014 14624
17358 3684 14321
976 22868 13651
13280 18441 17873
8350 19195 13831
10022 10993 4170
27523 24503 14963
26985 12154 29468
31400 28891 6959
6938 28054 21152
21619 10449 6182
22282 15652 1590
19918 4044 15348
27588 24429 23380
619 7791 12662
12891 29744 18906
32081 29626 4996
19145 16894 8831
5903 32217 10236
19008 3295 26223
23657 32175 11950
16878 10090 9071
19299 23341 16845
1318 27100 12840
11757 21716 2283
19445 6102 7267
8350 16122 170
19327 18628 20318
14660 22439 10412
12221 28698 8836
5168 14880 22120
6778 31218 13612
8331 18814 1766
31129 26026 17959
8977 3046 8860
15111 11152 32331
25606 30779 3547
12016 23492 17217
10315 13916 25995
22794 5082 6704
16076 22096 15147
6165 30171 31274
25290 7411 21584
30430 1716 15460
18606 17654 12570
15464 4930 11414
11874 2394 14926
30988 17007 9762
2407 2729 17186
27821 8220 15055
15392 12954 21464
17996 32726 9782
26890 12774 18875
30635 26498 23863
21973 8820 3614
14268 4479 27412
10663 19496 18793
25864 21238 5630
30944 5370 22619
21854 7760 823
22079 21791 14599
21091 17159 22303
21563 11884 29244
6871 17231 10172
21225 12851 29522
20147 27973 6304
30153 9044 25490
16486 10414 11582
31301 2616 8120
20446 27495 23305
13021 12004 2363
17442 22038 14067
29729 29042 7778
7837 26554 21029
6157 29582 25421
12152 21042 2055
12650 9675 17279
21647 4813 13303
27704 8677 4228
21731 22910 3896
14677 22354 28114
18586 20058 26623
4821 435 8942
492 14417 2226
13261 14583 17533
1417 14710 4782
22909 14682 14804
24932 5161 21036
23838 21893 10255
9955 2556 14630
31931 28527 3307
2528 12342 19779
20194 25823 8908
14345 24374 31030
28690 8852 21691
29813 31016 27670
18988 7550 25660
29075 31180 4500
13647 21397 15438
22453 25660 17442
28402 15914 5110
28907 1266 13916
20241 24006 18460
8937 28036 17246
3264 19447 1965
17961 23756 28105
6805 6555 24118
5520 16758 25498
30874 16515 10362
29745 32293 28977
7366 9608 23473
12054 23991 30740
5169 9325 4971
16139 2896 20038
3716 28955 25429
29400 13608 29019
29258 21016 16716
25730 4701 17547
13363 26199 20870
15448 9009 13160
17514 23713 16821
6911 128 6931
19591 19794 370
8124 14925 23034
32198 22301 21844
29350 28349 27265
8845 17937 20347
4749 14806 1841
22377 30743 29563
29874 13272 5948
3837 29858 1255
22700 14098 6254
8614 21833 1772
7437 26491 30705
29886 15227 6341
29079 17789 23913
3776 13209 28132
2611 17065 25677
1210 8210 29218
477 10839 11667
25303 10070 2405
32583 2402 10235
21732 13756 5996
29919 26480 30637
13589 179 26567
5238 27030 5596
5766 10954 30501
21193 10547 10152
11802 16515 22144
12683 31567 14213
30670 21474 13772
1743 25585 32447
28580 4406 26419
11987 19994 21758
31899 20890 11528
4522 11375 14803
4482 19 13303
14387 12214 20664
23172 11354 2070
25685 6065 8710
24506 29367 28393
20103 6143 5070
9257 627 10613
24324 11783 25498
17912 5325 2292
828 26140 1663
20414 9338 17871
12389 15705 18187
5177 14862 31710
18992 23271 20715
25812 15338 24617
4378 5807 10346
2232 28796 918
32201 31900 24589
23913 22521 4941
6005 771 18684
19225 16090 21180
29011 20421 27385
1586 31930 21623
8053 31562 22290
17620 19310 3697
11679 4453 29782
27176 4211 6975
768 28607 18474
739 26362 7520
13272 24163 1053
5456 17216 6854
7778 10866 24903
3246 14328 5645
25256 29752 5523
15054 19688 30756
23814 6417 2445
23606 532 22620
22923 30427 30083
2604 7423 10768
19059 2549 17183
25472 17902 7780
30321 26604 3264
16359 22844 28112
25481 10351 26173
19268 13584 4213
18842 15136 21210
15675 17948 32099
9212 17492 31384
22230 13869 10342
7086 13292 25887
13103 30134 29421
3088 12486 19192
6483 30108 28707
25115 30837 32213
11490 22753 1378
6805 17988 3857
26640 15891 26487
15796 1462 18357
1303 3715 2678
30501 21492 18337
13887 5543 7446
24454 28914 18858
4862 3387 27075
18588 3119 10445
17891 23299 18157
28668 8796 26314
6725 819 27964
29656 14413 11965
23029 24296 26029
21557 29956 11924
19038 2110 6865
16050 16306 14453
21974 13796 16277
28068 26628 31083
22802 32313 866
4924 19993 17654
30200 15958 15999
12265 19691 3410
1094 15263 13033
24380 9503 11925
3527 5793 32045
10479 8041 18153
1804 23660 11747
19431 25874 154
30429 32687 4052
22342 29244 680
19948 21815 10239
18914 22778 17180
7526 26537 21481
27330 7514 16986
30324 9354 24585
11637 4584 22811
21969 6388 21291
19284 6495 19163
26109 16004 19736
22289 23934 19678
26551 18798 1520
551 13368 13845
959 3762 2294
9220 25534 9870
31248 1513 180
24830 2832 13623
25111 11305 9167
9082 30743 10515
19603 13800 22751
972 30075 32568
25367 7144 19741
19383 27053 4398
27245 13208 19669
2197 19937 10123
9294 15724 32210
11154 24295 13016
16934 13328 31555
6531 17196 22819
15833 15763 4039
21556 2110 4313
20175 31693 13735
9547 8116 12714
8362 11189 28260
30482 13892 19115
15983 7016 14880
25026 12649 14589
8214 3328 19601
29736 7923 31888
16815 12441 24696
29882 16195 12522
29349 2579 3035
21623 24119 28145
28869 26480 1647
24354 14310 14636
13845 4830 16618
27840 32189 10745
29086 14289 18249
1629 1433 934
17071 5304 290
9345 4092 24178
19278 6960 19097
30690 13161 5343
22989 7873 26007
7472 10884 7391
4795 13966 13903
17172 20376 19646
31659 4218 28471
13750 19334 23001
23688 13491 4095
1379 14155 13190
28782 11938 14385
9774 30372 18094
8255 19628 6516
1187 14196 18195
20594 14930 7851
12255 5370 24887
30915 12423 29812
29612 12028 17494
6103 26203 21668
7542 25708 22009
28148 24654 6613
15666 7733 10510
4429 18143 294
3975 561 4223
13218 7489 28608
28901 20350 27079
9247 5934 24241
20806 23711 5622
2487 31062 2883
11980 1335 6168
20861 29154 739
12673 6201 1545
10655 16117 26908
11485 22758 29976
27918 22333 15210
7137 13302 24063
27899 11504 10692
13025 14250 11297
23733 7618 11310
28257 30930 23058
6535 17088 7355
10375 10209 12744
27554 10513 6842
18189 154 4369
32327 6406 10002
4550 17428 795
31900 775 4844
17919 24564 9784
19960 576 20797
5495 5930 16669
10125 13078 20701
32663 16300 11598
25269 28619 2073
27185 17869 25726
3662 28641 7185
6906 28997 7424
22248 22297 23867
17767 12567 1439
29876 1819 32738
22732 19135 27516
8051 4914 21115
10432 32384 29893
26586 6048 3369
32305 21925 12625
4895 32368 31937
10678 12555 7835
176 31188 4398
24576 7514 28294
2884 16502 2574
3954 16303 30957
3524 29243 28113
2633 10405 19961
2490 3185 30413
25318 21763 29602
12367 2649 32505
16394 27257 761
4095 19346 32346
19754 9261 10747
14466 11212 14653
20268 13833 7461
5032 28618 4819
24603 32524 20490
19729 22951 28113
29891 523 28294
15372 27336 26654
9522 6563 6260
10752 9232 24499
19846 1868 24555
21806 1327 24122
3745 9929 3690
685 12828 5653
3724 1652 20356
9195 4636 22217
9907 14862 8164
21278 32234 6156
584 16666 21954
1893 15063 16862
6501 6895 21536
11404 7933 32121
1479 29194 3181
5039 24280 28163
29760 30014 27226
18735 16094 312
552 20693 13318
4537 17404 26510
14456 4811 23757
29515 5106 135
7771 27801 21342
4221 4872 29476
6986 2646 1001
2938 32408 5048
9501 27154 11639
29546 23645 28557
4242 4025 21973
14907 9351 11290
23346 28897 10650
10768 8445 10938
31659 20816 32295
6331 9829 25380
16869 21531 2489
32013 7102 30227
8842 3756 18913
23779 19370 26338
445 16917 2822
7223 18124 1541
16157 21624 9135
21665 16567 12196
31104 1902 19667
23050 22884 26828
19169 2475 7263
15482 17201 27365
11629 12636 6572
16467 14798 8316
24770 14831 15265
15696 22691 18297
4788 6971 28338
27165 8091 11349
20790 18768 5375
7535 27475 3835
29497 13138 23866
20187 25119 3400
17564 32039 23838
28894 26980 14452
25994 743 8869
27351 12081 4548
2001 1609 31542
21731 16941 24655
5405 17798 4737
28890 9762 29894
24340 30827 21199
727 24023 20860
22221 7053 12001
28956 4859 7199
31515 23257 16829
17964 27453 3042
17815 9211 2809
8557 17914 519
27765 15959 3677
8635 8191 29706
25488 2426 21501
12964 17229 5602
12578 1110 16913
12370 18152 6153
31529 20137 7226
24392 18192 8273
14448 17242 11256
3197 14465 13742
15527 26030 17524
8061 22916 30332
31000 29866 2034
19347 6645 28141
21468 24316 8066
11824 28561 2206
30105 22329 1491
22532 32295 20874
29226 15200 11304
19333 21375 6096
19155 13268 11493
14049 17681 13064
2234 11602 308
26752 20975 7962
9446 28301 22436
1195 21855 27091
12024 21881 18396
10227 26399 15286
13900 4455 17333
13664 3148 29357
29009 18046 24661
24743 26718 8359
3380 15426 29222
25539 32699 6486
1072 23574 3255
3277 26060 24954
25378 9736 21484
15339 28313 6014
5941 12617 15888
21158 16470 8282
17092 6936 32409
19727 31601 21743
17591 16904 24517
4721 12273 27481
8213 9458 25948
20111 3408 13557
22909 1006 15665
9621 13845 21757
16056 18211 21054
9285 29402 7441
28855 597 23928
15118 14461 5129
654 32115 7067
11788 9133 8414
8258 18844 29099
32028 16412 13965
1689 26445 20958
11921 15349 32578
12573 11702 12577
27690 6242 13360
5652 19566 24960
21849 3664 23769
8229 14326 16403
6908 19120 27580
25554 26321 25922
14355 26595 26526
25368 18457 31866
14364 12824 22506
7126 7641 9385
18207 25276 20443
11720 13460 19749
4230 9049 1903
11060 7872 31418
2397 25194 16978
13214 30239 20253
30609 25881 9286
23078 32319 8439
11066 5851 20396
8530 10881 32061
16416 29796 5694
5234 20349 6809
11512 8565 27937
19176 31389 11788
13066 20836 3271
31738 23613 15374
15421 14454 31336
18926 12221 989
11974 20578 31737
8612 27203 2741
1247 25744 30945
2035 1053 11049
23642 11004 22757
108 14855 28888
1261 13504 24576
29002 31419 811
9605 19880 8479
5830 10908 489
12289 1134 15100
19456 19036 3261
22570 7529 31115
14904 12002 19201
28100 12234 31672
28442 10210 15218
8959 12751 28775
312 32746 27541
16321 21093 12017
22035 31692 1267
22390 16180 11929
24387 14505 29306
6766 27662 32169
19605 20237 19102
7404 11572 9273
20286 18144 15131
15735 2031 10194
11893 31506 31068
272 5484 31841
10256 23882 18168
5964 16871 25662
30708 26893 31682
4501 9847 25652
30591 21255 20321
32750 17961 20934
8756 27782 23147
27418 10022 28972
32587 7240 2932
22262 10005 26041
2040 1316 9876
26968 5630 12968
12424 18492 26196
20710 9557 903
20128 5048 2809
25742 8438 15029
16704 12346 8618
32691 17979 10670
3939 20106 7918
10281 29041 10779
14409 17454 8289
25233 21594 24547
15566 231 22464
3768 2170 2987
2915 8264 21917
2305 9826 21124
124 25066 13389
