704
28059 3870 12544
17929 11536 777
10148 12080 15774
21393 31923 29771
22720 7445 16550
29493 30448 32762
13530 16434 4725
10296 17657 2445
3197 28184 13493
24191 26731 29756
21949 23891 20850
26335 23017 3272
7779 16478 5560
25783 18371 14071
18173 18933 1057
14289 13269 379
32422 4925 13788
24260 23534 15932
1441 12663 278
19777 23127 13894
20759 3128 12749
3862 21586 22470
21664 1632 32364
7123 27311 8663
1627 6982 13263
18507 1217 25871
14528 32461 19577
6763 2144 276
12656 27235 21791
14623 12727 26262
1715 23068 13526
5433 5133 8841
21858 25692 14731
2457 26834 25199
24431 23513 14734
24580 17552 2835
10057 24279 16719
13682 8593 29195
14029 10216 12452
29622 32347 24525
134 13216 27954
20425 8784 840
16485 27635 30667
17192 1299 16698
32061 21818 20705
7173 25987 6331
24231 534 15456
21295 25450 948
789 10917 12171
10249 31538 5436
28733 30921 5035
25062 9532 28948
11310 15980 7869
21406 8884 24243
6048 11277 24407
10557 16365 32674
21091 3314 19326
28956 6319 25633
22777 23513 14894
2242 17666 10815
14017 32254 15790
27482 21839 21233
10810 27590 26904
8878 15101 21968
326 21891 13723
7384 14021 1919
20860 14330 3157
14386 14460 28653
5342 10164 32740
17450 21507 1257
11674 11089 3321
20738 7572 13001
29594 7239 23442
16807 29621 20
17677 722 681
31266 1898 14948
12082 3336 20084
2643 25474 18946
14089 27216 3476
10224 23059 22255
8637 19362 955
31753 11140 9554
27353 24159 24755
1906 31918 18559
27310 6825 4309
32492 23044 21272
6519 32633 30788
19169 9151 20470
27666 9706 15501
8206 25465 25310
3439 17008 14467
15733 17869 16685
17415 1526 9315
4449 21187 4602
13556 10774 28842
10866 5693 613
32383 6891 23593
15070 17827 17937
25155 30251 32300
25458 8816 9455
31542 19077 25566
18676 29054 28395
22072 29574 3117
29172 27932 794
17393 28005 4046
25652 11346 23417
28974 22919 11076
16421 9191 3933
20216 30624 16106
32313 13816 20003
9755 24763 15731
17646 19273 16581
27093 10379 31588
24540 15771 23638
3050 32465 29286
32573 31907 18592
18510 19909 24974
25752 24440 25933
10523 29628 20459
19607 4762 32106
29599 25988 26868
3898 5847 11295
21913 5161 689
26333 24505 9975
5628 11300 27575
25549 24649 24841
20187 32035 29509
5470 19271 6113
24134 24812 2092
12996 2083 9725
23101 7428 23369
23838 28772 16436
30731 20002 14516
16745 24890 23146
4512 15774 22262
15460 7018 9559
21443 24658 15838
31621 24544 14925
13887 31658 11988
15753 16770 27453
15177 22746 14010
6736 21789 7287
9684 22384 21943
27903 20100 23245
28311 26553 895
27803 17969 23584
19947 19127 22268
32415 25875 4494
17606 14489 20064
11323 7242 14764
14725 4079 12548
11831 27897 18070
3396 16153 22186
3255 10370 16060
5360 1692 22513
10067 3007 20660
11606 20063 23074
28469 14363 29048
17380 24837 23711
74 25488 23003
13777 18398 14493
26530 13565 25371
26082 1822 29670
5260 13392 27601
27924 28003 11743
32544 3695 26046
25801 23218 23053
18986 15095 16921
2377 8805 15800
24500 26133 30057
27065 18643 20113
3749 27442 3357
5852 10382 11869
21807 15657 8278
21548 21638 9238
5883 24379 4767
18234 9092 11524
20316 7677 31368
3922 1706 8365
12015 6648 22369
9166 28668 30914
20844 32177 26764
25004 28457 10824
9112 30546 15890
24888 6657 12200
31390 21040 19853
4843 9058 31609
5420 26327 18300
20175 32385 6683
5169 6256 26781
1034 26069 23666
15374 19603 24555
7769 25624 4211
20622 18153 27970
5545 25360 7225
27925 9258 26080
9 5920 22231
10161 26709 9023
30892 12248 17963
26909 16954 22006
20153 21752 2903
31960 23210 6564
17684 29851 20403
17363 20463 18452
18536 4755 586
31087 28245 14616
29468 29205 14922
28092 23783 10708
3830 27204 11498
18746 25015 16741
4759 19265 26033
11655 9031 25138
27934 15560 26157
9155 29924 32324
23688 16514 3693
5268 23069 19063
7091 20884 16869
20229 4506 16233
31491 18450 13443
15043 12792 10344
798 608 14874
1882 17279 24530
9027 12202 26229
19841 22470 5546
13591 15859 22183
30882 31903 26699
24075 13170 11388
15888 6637 120
6818 28208 11027
13492 25125 6469
6720 13866 4102
6934 2988 12680
4685 3425 18097
21257 7511 26584
26055 1689 31602
24937 17074 826
31399 30402 29434
9638 27863 14869
26780 24118 28170
20504 2815 13826
25859 15953 23593
12106 29208 28304
32307 1301 16448
3005 11514 3607
27758 7123 24
18136 30493 31533
2323 18195 29740
7425 8659 9820
27885 13610 32602
5126 10361 12074
23727 9796 20038
5743 21019 9358
5883 21461 11416
20807 32642 25709
22919 30364 12895
28029 15009 15023
6977 20935 30256
32501 22743 11278
6015 20188 229
21207 5007 8626
27287 18797 1547
29634 29461 16935
14974 31424 28759
5613 21956 31079
17979 21753 13247
30304 20949 21723
19787 23142 7942
24512 14963 14760
7248 26867 9445
19566 16616 27300
16035 23296 22797
20713 4348 8388
27801 5634 14267
27302 29654 29665
23710 29884 20114
20202 1801 19242
12662 15863 5116
12868 32147 21407
27203 23027 13886
3256 16108 24666
2334 2074 32254
26553 7299 27558
11112 17297 6137
6791 20536 265
6942 8376 18445
20112 5808 30662
719 1732 15338
2264 3741 25234
30225 4076 32263
5791 8778 17507
32382 24551 31150
27328 13064 17317
24992 13229 10041
1650 5726 3135
28254 7856 25559
17274 17147 9769
24765 10520 14968
3828 24538 2438
24855 8089 2983
11056 21033 31348
24603 12542 8322
13407 30401 1566
9002 16011 22797
14085 31317 10159
19696 23472 24725
30821 20394 30512
7247 11984 13024
28773 9580 7555
4078 2058 21328
12702 1406 28657
10000 25658 29530
26512 1503 23304
10366 445 30666
31796 14194 30646
16038 31120 25814
11620 22854 5870
25662 19169 18161
12237 22337 3895
7954 16441 17101
16491 20786 29932
28349 23738 8484
1721 25518 28962
13183 25899 31502
14628 15954 29801
13685 27593 12818
25180 19257 23011
28375 22292 11069
16789 22984 1128
23561 31509 26324
22749 29472 25265
27300 22986 5773
9232 18637 26809
15552 19131 21065
30735 7832 15323
26664 29424 4033
32069 13955 23645
12608 28083 7090
27039 12876 21076
4030 7145 4960
23944 8217 7481
8078 4836 21389
25727 4118 11389
2675 25857 3639
25955 12069 19710
1861 19819 19126
6033 1788 2610
20960 30169 3092
10590 15933 21335
2837 26663 18362
31127 4973 5143
21066 5907 19136
26893 25559 11604
12927 4232 13950
10842 27580 9762
15099 12606 27965
25947 8034 22038
24527 25752 11793
20761 5340 364
6370 27908 19264
25109 1189 13500
13913 12362 26829
9268 31581 28980
5993 24721 6385
7866 342 15244
27895 26113 2739
1560 19623 12083
918 30277 25313
21120 6397 9317
18625 7779 21000
25453 3189 4903
28005 30878 6731
30633 13067 30308
15374 11103 3627
15998 8851 22937
867 28511 11663
29191 22326 16596
26027 2684 30905
5096 23771 3569
1166 14853 26859
23757 29718 14171
27739 16996 19683
1157 8556 25533
25708 4970 7035
2968 3077 7010
29326 30639 14606
28827 19757 2877
32106 27322 15475
2749 25651 7877
7780 17652 1707
28736 31361 19761
28022 15766 3226
10964 4615 11195
29156 8717 5209
21776 11339 31206
30943 24455 28681
25476 701 15879
28536 26281 32312
8466 6436 30590
3947 23205 31781
6544 22844 14687
18092 13336 4239
7910 4827 31615
20410 21895 30170
5153 15928 26908
1319 21074 24737
1843 17965 15262
9433 10860 15385
11605 32392 5411
2025 19528 10187
24399 20165 8653
23082 7082 23187
2569 5065 22547
10438 22382 15586
32048 23414 20354
16754 20823 16566
25826 29491 8879
25634 21127 18379
23698 24247 31817
18243 3126 22760
14497 16058 6285
29421 26547 2907
12649 1887 31628
4492 14820 31746
21928 13416 12799
5346 7607 24944
25481 32161 30112
1149 22083 32015
11975 30714 20289
1787 25740 17743
24467 8265 8212
18848 17957 18757
26955 4792 10468
25143 26921 2112
26914 15928 309
13621 5948 22595
31816 17817 18810
24207 15508 3176
23094 2076 2788
9677 20801 26764
27429 2454 31874
13877 6694 8678
31712 13940 6300
14889 17507 17476
26473 23117 24213
9487 22814 25136
25647 8132 7358
31060 241 2601
26053 9946 31442
16499 21864 9646
1369 15124 2335
18687 25675 14036
29281 1266 8582
8995 23470 28567
23085 19117 16083
19996 26373 27184
20586 576 25631
10634 25760 27659
23480 11031 4411
5052 6237 9529
12507 12292 25171
14904 11135 23665
11317 589 10316
5165 29407 31737
3210 17640 21643
22171 27632 3603
9018 19266 20001
79 30294 30656
28022 28965 32661
28672 21246 14071
10016 31129 29635
24886 13045 9634
13135 16598 32137
15561 28527 21759
32690 12703 31031
28678 12741 3382
8006 10395 2043
2542 11596 27460
3610 20620 1225
16394 26193 2956
13079 6257 12131
17593 10410 14766
5640 16634 30103
5909 5520 20079
12115 12497 11209
14524 25533 19159
1059 22437 15711
4125 24082 27612
15601 30214 12980
15894 11295 29729
23988 13412 11661
25620 19822 20929
3607 7635 32339
21479 15197 9238
17807 25448 895
29961 12010 2553
549 21317 29164
25361 24259 6911
16965 15027 16411
30591 32620 3719
6403 3284 1925
9520 12904 27079
12680 12250 5779
22029 12960 10770
16811 20673 29393
27611 15227 21265
5342 8702 32374
11063 13674 8353
20472 939 9565
17435 28111 27286
9097 21511 13562
28042 22926 7319
9648 7537 8186
12844 26789 3780
19893 4899 14728
10750 5789 7153
23248 24655 15725
370 30392 6292
7395 17790 4488
26759 19490 22974
28951 28211 25173
25789 7566 23980
7573 23874 24430
5884 28941 28638
24277 22624 15963
25281 18429 24757
15930 27601 6405
5677 23646 11518
31988 1350 2720
19151 22523 19453
20315 20801 26874
17726 4886 23250
9286 2208 29027
11737 11178 4687
4358 17432 1963
10057 18266 28820
1552 18894 2801
6053 24994 21009
31099 11593 5937
32564 29929 28093
3031 5235 7122
1103 26753 22176
8469 5230 20138
32207 18112 22787
19050 28498 48
19972 9648 21480
32634 6213 203
24113 12810 8082
21552 21861 28810
3836 16247 14406
26118 12144 18854
3155 29261 20622
30386 11583 2970
13239 22083 12449
25459 11624 28600
12781 21202 28871
12139 6819 20867
14716 14646 15046
31949 18370 17462
17808 29012 25278
25550 1636 31806
21775 25071 25092
26517 6054 3735
30724 26092 7896
10392 30847 24902
32177 17307 520
12595 21388 20324
7139 31804 14304
9304 8310 18561
6237 14652 11258
32673 15672 26175
25462 27098 26563
22843 10222 25714
16192 7992 2519
22357 32759 26418
4303 11775 8326
25116 11147 22428
24953 25636 23569
4718 31514 11065
29735 1648 23946
28362 30219 29497
14097 7377 28004
29986 13491 26641
21625 9643 12548
2971 22945 6939
17725 26519 6394
2919 28814 23361
7774 5717 18870
50 17299 31457
28370 10977 16066
15328 10098 21609
29995 30691 27890
20877 26134 30814
19720 31481 16909
15370 23193 10954
584 135 8401
13137 5225 3910
19570 13076 28266
20902 32620 27158
7891 28765 687
29785 11568 538
19005 3488 24258
3433 32643 17017
13173 25046 1513
12923 12050 3157
11688 18381 17078
27361 2267 2024
27267 9060 5850
24989 21397 471
14787 7257 7735
426 10841 19624
4183 1638 24082
29176 19512 1937
4971 8608 24423
13266 30847 25376
15856 20309 8152
8618 32209 20849
14213 22242 26287
1416 13932 21219
10696 13103 29666
17794 22057 4495
23929 27862 23841
2571 16153 3320
15093 3620 20819
5383 6101 1177
497 5487 29967
4562 10962 27499
14979 16254 10997
17865 14423 18300
5587 26350 28908
1527 27890 18457
16144 22230 6071
492 11381 25171
3452 7720 3169
7401 26082 14008
11944 32372 17256
1521 16088 13460
19517 19480 9139
21586 9555 11812
29410 20230 9141
29126 19687 11896
10266 15015 13652
23621 22714 11505
15162 30852 11616
6416 1509 938
449 5306 6598
24491 8716 9516
27057 27746 1474
24247 2121 17203
11464 7548 3512
21999 21179 15220
1443 29943 27779
26547 31068 165
9259 749 27226
18919 18159 9529
20711 26157 22935
12565 29465 31366
18180 6058 10243
16901 23817 12882
23340 21354 2940
21848 25665 27134
6540 32767 1798
13759 17748 19909
12178 30397 433
3304 16060 26564
18001 7722 31441
15419 9741 465
30856 13644 8057
13811 4151 4678
23481 18928 13126
24639 20374 19264
13796 27901 29393
28527 24826 24855
438 8037 24669
17751 31989 18411
24904 30563 23470
4971 29961 20892
9163 28919 3066
2631 23698 3213
7347 3563 3962
7322 19326 22777
19262 10428 9740
5298 23857 11724
18278 31558 13521
17180 30757 18233
9630 9469 7910
12811 31533 18565
5369 17944 4984
23695 13145 1981
29560 23554 11233
14780 2550 5463
700 16610 5278
19285 15390 27367
23381 21279 4657
7317 13772 21361
18259 11052 3925
2343 26750 25862
23798 13567 5127
3447 14780 5791
6284 20471 7506
6362 40 28291
24786 4911 23528
12096 1499 17554
25475 19810 29668
27504 15685 29004
