957
6124 380 855
24329 236 448
21945 814 679
17642 547 939
3653 381 513
19988 868 6
25392 812 204
15838 65 721
31580 250 220
5287 186 255
24542 512 776
4858 678 714
10629 271 292
10601 753 23
21307 647 213
4056 866 625
8186 984 853
31268 290 409
17161 360 116
6516 295 843
28595 671 648
8337 25 1
12747 875 552
10007 243 245
642 968 748
23141 17 358
1415 736 49
15494 52 807
18541 2 863
4251 911 100
21182 500 932
20838 138 552
24399 344 341
31234 621 306
18347 441 521
20978 388 747
4273 624 40
9482 169 592
13244 85 646
9440 196 746
16870 339 297
29899 165 421
26445 590 27
25232 461 913
12901 630 871
23894 96 224
26539 724 406
10614 191 334
9322 840 709
27455 814 133
13128 438 799
15305 79 143
19407 972 873
25194 635 673
4666 728 670
21101 413 155
7974 449 538
21 982 904
12025 772 652
20765 752 660
26395 375 962
11302 804 574
29529 800 752
18395 133 652
10249 483 773
9653 426 421
26053 320 827
28060 977 520
16858 726 345
30428 367 166
701 677 495
47 947 322
25123 458 598
15294 745 714
20114 333 27
13678 622 362
9343 414 672
2261 624 506
7007 260 802
10664 53 871
32043 812 675
31872 432 453
16202 27 758
30541 567 282
18915 72 39
18380 195 545
14076 687 119
25562 398 467
9467 971 269
14977 335 653
28765 588 784
19975 283 775
22208 944 256
7792 380 70
14740 347 236
18735 844 249
272 342 23
28154 592 160
4158 665 293
4607 194 568
24887 286 434
12772 831 662
19693 913 806
18529 44 769
17420 638 908
4697 133 317
26339 477 450
6827 376 453
2124 159 128
26432 334 605
19471 392 876
19971 724 997
19254 155 560
21439 425 337
2375 422 448
20501 424 309
7015 323 202
14607 681 265
16071 967 754
15864 286 350
19959 359 579
3201 700 772
7402 81 190
3164 332 432
20947 614 1
23760 95 187
25895 14 505
15608 57 31
7516 887 67
4777 970 699
11085 389 830
19763 255 212
4673 104 645
14456 376 210
21250 436 235
18960 9 102
29593 727 185
21876 138 150
1401 917 645
13663 349 122
19012 671 88
10221 213 450
7027 800 626
10273 36 560
21378 245 42
19156 137 97
14200 81 238
24123 720 584
21972 43 906
4746 516 599
3157 634 32
5982 261 668
30738 556 446
11501 302 165
3032 147 598
31029 227 222
30413 95 477
20640 926 877
31178 57 742
24272 347 77
21479 904 58
1946 934 878
7980 28 799
16720 320 83
23663 557 32
24817 35 986
6582 428 39
9684 153 499
8385 230 495
5607 632 637
908 479 183
15522 804 848
15070 264 262
28212 459 784
28483 707 652
7577 541 640
32520 347 210
28566 511 942
29715 690 712
19926 168 10
29346 594 487
9366 108 437
18013 758 240
31396 763 141
9541 626 788
1693 429 9
6239 842 183
5545 168 515
18470 534 988
22326 761 445
16181 203 963
15950 778 933
8102 65 18
29860 460 114
22546 350 775
9327 654 359
11066 684 445
30118 823 52
27072 155 538
20547 275 294
8061 2 77
6281 854 403
15957 449 846
31629 181 425
3731 218 84
20847 184 7
28983 651 155
26627 119 245
23232 772 561
990 324 887
27985 562 669
24318 120 573
20296 999 305
13196 546 18
22422 493 499
18019 720 257
31624 217 935
14440 968 678
8631 846 338
30417 531 525
11349 344 398
16875 7 81
16672 30 554
16139 509 69
8084 696 149
13728 126 22
17975 515 551
16551 231 62
19993 565 754
13553 669 362
20439 887 651
4599 737 56
26565 19 42
22068 340 111
5898 972 866
20791 793 491
24026 547 9
23797 253 335
3847 246 167
5368 139 310
6049 792 461
32132 416 916
21867 473 661
26060 873 263
11582 90 744
30658 670 239
28346 301 993
11570 621 895
17618 866 550
5415 408 823
2840 606 670
17860 100 13
28114 447 523
22039 985 867
20291 656 193
6302 654 117
5798 407 521
23142 569 419
24019 378 598
29712 365 458
30853 481 89
20776 20 451
7349 977 595
1927 386 745
5520 146 448
31678 227 161
29413 960 228
12473 358 159
9516 541 52
4125 746 641
31339 117 551
1551 991 165
2723 728 992
1632 762 518
25239 359 385
19031 57 689
12798 668 212
7568 463 43
32384 422 41
13738 976 96
28444 229 777
9138 300 593
15290 195 468
16282 300 283
15126 962 275
19730 230 699
32086 514 392
22175 116 407
27607 766 384
9934 31 696
5918 492 141
12483 310 657
16886 519 905
28836 5 512
25873 625 489
8588 862 249
26838 62 222
27136 19 922
15133 180 828
8489 237 156
17664 456 719
24128 422 684
10523 504 236
28896 861 600
11456 19 32
31818 98 916
20239 852 289
2231 18 699
26365 268 374
17744 198 334
15776 410 491
14945 787 596
3165 80 95
7905 797 110
7893 613 771
13675 425 182
9881 513 287
21555 263 128
8977 580 568
22695 359 426
10781 155 624
4783 352 677
28241 801 852
31959 428 83
9699 199 842
11709 200 320
419 502 750
9373 829 151
17808 103 932
13777 515 265
23785 634 313
15777 966 988
463 818 305
11958 793 273
21711 119 285
24324 955 872
6893 529 711
28953 833 302
22794 511 500
12549 434 757
14774 699 452
856 290 64
9938 664 96
27121 380 827
21134 317 162
30092 883 229
9121 556 300
3152 948 640
9938 765 517
3284 52 58
23596 141 897
21068 335 125
112 312 771
18915 900 458
25506 713 850
29284 21 938
965 546 404
5835 932 771
3875 897 625
10578 975 964
13238 493 786
10251 116 798
18819 480 244
13625 186 237
1041 357 362
23767 285 406
31552 825 59
11794 739 324
5669 939 724
10918 135 909
17088 57 667
26456 163 334
31647 967 159
24577 676 306
30926 591 136
18162 805 381
7079 419 273
19082 837 78
15702 416 991
15712 750 895
5690 581 111
3147 780 513
2144 799 154
19240 20 849
16841 396 992
11328 714 872
31562 564 239
16259 267 732
7955 854 815
11814 442 649
28233 875 963
7235 12 128
24383 273 936
15748 285 401
30242 39 164
19208 479 32
22589 72 2
14330 71 901
24100 192 517
4002 699 70
862 48 479
8906 75 935
21096 674 582
25544 236 216
25136 354 1000
22435 971 19
13900 144 722
10234 668 545
26015 523 132
29877 611 986
25389 977 531
21939 813 428
13128 561 843
23537 79 638
19299 928 483
7891 183 638
25888 384 631
19871 594 718
15745 81 37
9803 981 291
8006 390 323
27173 953 91
17358 578 676
15881 908 11
6180 370 638
10006 623 155
23550 327 370
22053 535 277
28364 932 57
889 10 694
820 938 452
2381 349 844
27536 544 719
1882 254 551
21052 938 20
29294 789 33
1762 876 501
23190 240 52
9732 891 871
14243 835 1
21102 347 84
32483 918 320
4188 718 752
30306 67 871
8309 810 443
31005 798 928
3311 753 862
31972 846 996
1388 139 904
30168 477 68
13952 457 545
31956 922 749
4053 383 736
13602 906 352
30824 926 811
9019 424 141
21084 833 556
18839 25 644
30799 56 301
16811 984 724
7221 943 687
30378 708 375
13353 256 256
29866 760 80
31668 468 902
14897 639 194
4211 889 741
29537 133 658
26413 283 448
19762 531 68
21167 639 359
29828 193 659
10253 38 111
10221 838 416
17436 816 239
21636 78 327
25657 167 429
21801 769 535
30906 506 561
26867 58 282
24998 645 435
8386 363 731
30333 812 214
11575 956 19
24633 107 350
28019 956 809
14544 153 177
13426 342 510
9696 597 530
15840 988 722
19533 97 150
3247 564 900
6385 316 772
15590 685 122
32441 954 616
32593 724 672
1218 746 355
20774 263 42
24389 958 954
23225 454 810
25736 65 416
1998 107 387
2819 278 97
12598 422 592
20596 785 374
25258 282 347
422 607 24
14641 520 750
26891 744 347
21867 735 660
32382 267 452
15000 659 90
23749 239 256
32311 315 482
4530 426 474
13706 586 860
25577 569 253
25968 208 956
30142 569 253
11844 471 37
20136 414 505
20680 840 447
23856 20 325
19019 954 415
375 224 521
30085 446 231
13470 847 356
10971 593 140
31665 893 510
5648 525 542
5354 43 547
12430 879 755
17516 981 4
22212 913 681
25017 774 293
5200 458 264
22938 206 137
22004 763 456
20529 123 890
386 544 866
32100 622 532
21309 961 462
20977 123 544
7532 746 938
32194 143 39
29197 302 905
8277 43 741
10216 260 42
21086 977 21
25459 213 643
25579 496 280
8523 876 267
11435 692 367
809 508 146
13360 783 145
8599 705 651
22080 421 628
13278 711 116
27535 833 366
19678 206 470
31097 306 279
1736 890 807
2970 198 159
4345 872 67
12368 760 70
31338 876 975
11658 104 292
6250 493 370
30072 732 377
23713 89 519
15092 555 998
7821 870 252
21435 848 40
7157 855 381
27341 779 372
4358 669 275
28565 935 864
5149 51 481
16032 798 344
10854 298 411
18192 580 327
8659 276 838
31757 100 633
29215 411 512
17377 960 109
2521 449 883
24197 811 450
19881 11 73
31683 322 814
32587 647 83
32067 118 595
3829 734 804
15124 275 679
21798 654 755
8590 176 879
11281 609 100
13741 97 493
10009 141 716
2348 92 966
3100 279 536
31237 683 172
1418 435 353
20777 24 796
5485 394 260
649 278 254
28908 112 514
1225 180 841
26878 878 941
309 311 915
12351 659 265
3274 293 363
30494 428 128
16758 593 793
20199 381 395
31454 93 985
22870 190 940
15427 97 668
19889 558 459
28007 223 994
7579 471 689
14969 383 824
21282 175 251
1908 687 134
28341 62 984
8567 135 364
26370 712 44
14588 656 242
17903 371 284
17914 496 713
1320 299 632
21337 338 322
4607 824 8
24890 36 476
4999 809 277
9735 115 643
32567 955 18
1093 432 816
1913 572 611
8093 116 151
19693 236 240
9626 854 88
17995 821 513
12043 750 557
23591 251 897
9481 968 604
3336 959 292
24853 733 144
25482 116 182
25033 335 82
27529 956 409
30223 533 46
29828 93 282
16090 261 960
7868 590 933
27609 372 597
15800 639 776
12701 414 399
22068 793 298
14365 712 769
13993 612 363
14000 894 658
12529 391 412
11976 986 665
8362 392 267
18703 814 719
32112 52 811
20678 34 651
2309 731 37
14184 871 389
2294 596 707
32513 155 637
14442 238 171
29629 964 152
2584 66 986
19867 394 206
15257 541 966
14656 162 969
29326 195 553
29545 819 213
29010 348 800
9322 563 569
13369 434 542
4531 179 25
18813 525 486
6493 883 248
17777 245 488
20522 245 504
8597 401 876
5244 993 489
28819 688 411
2346 646 428
27226 429 627
16711 497 280
15050 209 790
560 27 666
694 575 721
29563 233 903
28189 836 516
27805 989 381
29678 73 535
24169 890 894
4793 920 255
10925 715 932
31501 566 127
9878 465 745
25471 218 178
5297 840 968
2957 715 662
10644 134 583
2513 184 928
14996 998 129
14151 840 280
6175 20 984
11416 81 96
23948 299 97
10141 823 243
15995 681 502
7833 636 164
7711 761 136
5092 844 142
5900 567 280
14328 326 482
6745 923 634
24855 22 139
822 483 555
9996 456 393
30795 230 830
22201 686 169
18039 790 739
17509 432 383
6342 46 73
5387 974 878
8129 290 41
13851 103 833
28249 218 803
14446 995 964
7452 766 452
28249 236 324
13447 634 17
22042 830 91
1404 812 701
20776 543 451
845 927 963
15872 567 271
29920 530 590
3455 585 889
31443 491 878
11772 147 506
1707 288 100
30091 242 97
880 617 909
25150 721 893
10822 256 525
25147 162 876
24036 167 555
12026 840 810
32246 68 19
28175 357 730
32720 675 957
3917 59 645
19450 172 274
4898 177 444
30840 267 950
21874 64 675
1512 70 335
30836 546 368
22973 170 779
26662 253 930
23112 394 498
31355 144 925
24916 14 977
14680 116 667
16497 397 373
15085 800 41
24140 574 316
25109 993 117
5796 341 293
17351 929 401
3774 211 201
4018 138 307
11878 375 137
2464 759 544
29141 590 302
11834 806 840
25378 533 617
22836 21 466
18945 698 504
31770 361 97
5886 667 929
31787 279 899
19319 986 750
29450 591 803
12797 419 502
8490 774 699
13036 574 453
12862 920 614
32597 270 1000
21276 472 141
16529 617 292
21965 396 969
1298 997 210
3008 800 455
21329 382 689
26464 679 655
12779 288 598
11638 466 507
8265 755 155
21535 910 858
32099 286 636
28742 1 150
17031 381 114
5080 770 222
22052 814 500
3633 100 576
7943 766 164
28017 900 928
31383 989 123
15035 327 325
22762 532 81
1167 315 768
6087 432 99
12728 343 883
20984 331 441
7303 435 532
19063 387 54
26965 224 421
29528 653 6
15492 222 158
24193 898 588
13162 250 854
14989 151 837
8441 736 720
26737 112 859
23039 425 353
18100 832 672
9801 29 791
5473 157 704
796 501 776
25084 525 513
6324 830 693
19734 549 571
26580 986 626
17253 152 112
5509 428 906
604 981 871
10899 857 922
1212 9 638
27001 60 725
19870 32 250
22695 799 565
2261 844 29
6258 532 599
11720 555 602
25357 116 787
19979 493 632
31324 997 112
2913 125 202
6781 895 81
26869 513 175
6494 291 389
23011 699 140
31416 696 493
9065 214 974
15684 609 985
29533 626 359
20751 6 867
31670 388 199
20523 320 194
2636 413 42
2614 82 592
29 557 789
2159 825 983
19893 200 458
13131 132 820
17039 995 139
977 137 561
7046 525 417
31265 141 196
24749 801 237
16364 901 263
23854 31 848
14546 525 264
23548 739 845
7130 718 213
27258 661 535
22659 151 66
15976 497 216
20257 479 750
3762 496 858
6009 986 423
18171 465 51
483 389 393
3060 688 486
32348 145 234
6878 253 400
29253 375 258
14543 11 493
4297 965 678
13967 236 222
21279 110 762
5155 967 454
1310 601 891
7012 532 448
20453 223 320
27447 969 529
3969 822 229
30015 919 661
25045 631 161
28187 293 634
3122 441 832
13458 324 768
25185 294 733
20032 401 940
5394 427 240
22678 249 241
1759 520 547
17237 413 16
20082 679 296
26055 679 996
12654 872 888
4707 253 878
30496 993 928
17571 143 400
17195 886 35
29483 313 484
1967 845 835
1186 795 339
23444 418 196
28607 163 989
27909 718 505
16248 22 676
12604 369 397
6751 931 107
10795 665 658
6281 208 786
28592 376 688
13717 863 960
27983 737 316
5292 556 284
18088 448 531
10899 406 970
25629 532 918
17956 683 176
5745 369 25
27083 446 422
23360 486 44
2267 102 840
26009 226 314
4560 443 727
30002 149 173
19168 223 530
3036 887 820
30828 267 454
1099 317 579
7459 409 743
15951 324 563
29185 599 476
