474 532
1 178 315
2 32 334
3 208 945
3 417 662
8 257 415
8 337 900
9 78 8
9 359 525
11 244 45
11 290 717
12 195 187
12 357 8
13 151 796
13 239 183
13 384 588
13 440 4
14 426 353
15 212 813
15 292 801
17 389 929
18 14 656
21 155 373
21 202 323
22 180 490
22 193 479
25 357 775
25 433 316
27 103 519
27 303 366
28 132 663
29 66 731
29 412 457
30 32 927
30 316 745
31 115 663
31 256 81
32 286 365
32 413 362
34 200 485
34 289 96
34 425 963
35 12 454
35 384 887
35 438 208
36 178 248
37 445 502
38 169 308
38 458 99
39 285 951
39 299 183
40 244 616
40 246 493
42 241 437
43 372 945
43 374 197
43 444 292
44 351 499
45 263 881
47 57 231
52 21 653
52 241 194
54 360 848
54 405 345
55 201 806
55 462 716
56 120 503
56 346 367
57 124 303
57 286 736
61 306 287
62 12 354
62 393 276
64 272 342
65 55 262
65 106 142
66 44 322
66 118 282
66 469 638
68 106 690
69 157 823
69 321 388
70 176 537
70 231 181
70 325 343
71 447 713
73 232 377
74 225 724
75 235 484
75 370 305
76 176 499
76 311 488
77 318 506
78 4 121
79 126 124
79 135 51
79 193 438
80 422 425
82 386 628
83 267 656
84 12 925
84 234 447
85 199 683
85 251 243
86 1 44
86 47 904
86 53 166
87 3 985
88 219 570
89 8 890
91 116 533
91 329 882
91 447 764
93 281 609
93 416 24
93 420 811
93 441 505
95 255 788
95 281 468
95 339 905
95 361 716
98 288 186
98 340 567
98 373 876
99 68 153
99 124 686
100 15 589
100 308 208
101 169 928
102 87 196
104 160 610
107 199 506
110 284 199
111 124 925
112 319 397
113 32 320
115 80 399
117 56 563
117 194 601
117 270 230
118 110 358
118 120 626
119 106 440
119 442 721
120 3 537
120 372 220
122 42 946
122 408 674
128 201 927
129 242 737
129 469 851
130 63 282
130 100 603
130 321 422
131 162 283
133 441 298
133 446 272
134 417 461
136 190 180
137 468 660
139 460 664
140 54 104
140 63 146
140 81 273
140 109 506
141 50 157
141 283 853
141 448 444
142 333 632
144 456 168
145 200 207
145 258 871
146 75 424
146 130 611
146 439 245
146 447 320
149 401 778
149 432 762
152 294 395
152 422 51
153 328 212
153 331 994
153 466 531
154 341 87
156 89 844
157 4 428
157 378 263
158 402 306
160 58 984
161 70 317
165 464 202
168 293 260
169 48 264
169 421 418
170 173 141
171 17 166
171 398 142
171 412 228
172 13 841
172 86 11
172 165 52
173 345 762
174 240 366
174 414 219
176 13 218
177 32 732
177 96 144
178 184 277
179 371 617
180 395 704
182 74 616
183 11 74
183 436 355
185 60 494
185 174 556
185 217 92
185 437 99
186 160 78
187 146 385
188 345 771
189 410 275
190 63 483
191 1 743
191 147 349
192 9 901
192 43 809
194 335 971
195 469 34
196 139 328
196 167 988
197 119 197
198 375 640
200 28 731
201 462 258
203 3 397
206 199 763
207 33 54
207 219 500
207 347 644
207 401 671
208 50 1
208 192 979
208 305 587
209 196 520
209 448 476
210 4 3
210 116 816
212 64 21
214 189 112
217 46 182
217 200 676
218 238 733
218 328 786
218 427 163
219 437 255
219 474 9
220 342 30
223 3 673
224 348 952
227 207 50
228 80 613
229 237 851
229 264 128
229 273 693
230 6 761
231 177 828
231 232 92
232 325 308
233 181 164
235 296 135
236 270 145
238 133 327
238 232 371
239 115 653
241 158 229
241 252 14
242 427 880
243 266 587
243 381 566
245 432 348
245 464 591
246 291 683
246 434 163
246 464 295
247 154 340
248 64 183
248 142 297
249 123 811
249 263 607
249 333 545
249 408 138
252 392 30
252 407 262
253 172 529
253 205 411
253 218 752
253 471 788
256 452 513
257 21 716
257 383 777
258 341 908
260 141 10
263 17 98
263 405 819
264 228 455
267 376 727
268 425 466
270 232 564
270 280 260
270 415 135
271 99 108
271 144 822
271 196 323
271 297 986
272 452 347
273 350 466
274 304 361
274 394 138
275 164 739
275 187 595
277 210 605
278 112 153
279 259 527
280 470 434
284 157 667
285 275 301
286 6 400
287 286 203
289 354 950
290 82 551
291 255 944
291 440 1
292 42 562
292 467 738
293 257 526
296 97 468
297 178 268
298 317 924
298 473 630
299 285 23
300 211 705
300 454 45
302 367 848
303 307 144
305 79 593
305 222 955
305 387 139
306 287 368
309 393 190
310 316 188
311 50 21
311 242 895
312 300 286
314 71 159
314 227 321
314 362 44
315 41 342
315 206 7
316 156 289
316 313 595
317 238 408
317 248 376
317 405 983
318 19 397
318 376 268
318 425 494
320 334 821
320 406 812
321 170 56
324 354 840
325 344 57
327 110 896
327 398 689
327 405 337
328 105 295
329 60 30
330 193 440
331 213 62
331 424 453
332 109 977
333 425 824
336 94 53
336 426 957
339 346 256
340 182 201
340 220 888
341 37 193
341 208 285
343 466 726
344 47 520
344 249 638
344 362 544
345 37 615
345 138 352
347 431 187
348 284 761
349 284 881
349 288 282
350 63 947
351 41 666
352 15 616
352 218 797
352 251 498
353 446 529
354 69 345
354 305 267
354 367 269
359 397 941
359 437 459
360 15 36
360 246 408
361 116 380
361 333 915
363 123 493
365 60 665
366 42 499
366 71 396
367 63 127
367 311 556
368 116 433
370 284 173
371 86 278
372 57 790
374 98 91
374 278 304
374 423 981
376 33 914
377 240 739
377 298 584
377 445 405
378 292 181
379 65 328
379 305 32
380 214 254
381 447 228
382 357 125
384 301 461
387 170 189
388 190 429
388 232 291
390 371 1
391 307 212
392 186 67
393 424 312
395 24 976
395 402 88
398 87 636
398 216 399
399 113 199
400 19 67
400 172 966
400 185 143
401 124 903
402 320 283
402 435 983
406 43 820
406 113 445
406 417 488
407 221 725
408 224 356
410 109 13
410 438 200
411 408 698
412 248 49
412 269 149
413 67 660
415 333 677
416 259 530
417 33 213
418 271 489
418 323 535
419 24 301
419 68 706
420 214 914
420 339 963
422 29 355
422 362 706
423 136 460
423 274 139
424 80 476
424 126 969
425 360 90
425 474 248
426 353 186
427 248 789
430 195 833
431 270 974
432 293 794
433 198 554
433 454 769
436 425 859
437 18 756
437 26 403
437 149 96
437 231 184
437 407 621
438 366 302
439 251 69
439 359 269
439 462 702
440 246 435
440 294 379
441 172 925
442 184 881
443 237 706
443 249 867
447 318 364
447 421 208
448 192 194
448 292 789
449 164 78
450 66 264
451 11 814
451 309 985
452 273 433
452 396 711
453 72 358
454 11 262
454 37 680
455 94 295
455 386 702
458 256 646
459 229 822
461 124 456
465 188 431
465 217 763
465 223 230
466 92 318
466 97 910
468 377 529
468 459 848
471 171 453
474 403 351
269
