772
24400 18569 26354
5159 28461 602
14212 31144 17736
18287 80 3167
9745 14728 20202
2847 24162 5671
16028 26783 2145
30695 1123 14195
6055 16911 31803
4667 28834 27239
7068 21531 3895
5451 27973 13675
172 14333 31288
8367 13510 13632
17414 21449 27182
10274 13388 8557
14873 20761 9598
26326 1832 22865
26851 2487 21389
24645 28129 4725
17008 1933 28283
13971 18577 28918
17688 26478 20526
25304 20358 14634
21543 1700 830
13804 13920 30141
5866 29001 21863
2185 25892 28671
9559 7111 27777
14307 20476 16419
4302 7195 8247
2055 409 6541
15524 26549 27124
22423 30075 23443
19829 8449 10676
18629 13953 26928
1903 19457 6602
12700 11154 27295
4887 25476 25780
23024 24388 29152
7482 20689 14217
22423 12479 6016
29183 17906 12474
18862 2911 5968
23642 32469 32269
23068 20405 19659
2646 2045 11810
22680 21494 15692
19427 27013 30942
1227 6920 12917
1332 2964 24463
17784 26778 20815
28368 26014 20659
10408 32281 11017
3299 7169 17557
11590 24407 2659
29810 10206 24390
4283 20290 19751
20598 4931 22946
15200 5121 31550
29210 18429 5721
31976 20293 5440
24202 31149 10546
9737 8895 21145
4617 25583 1544
16144 16882 19343
25434 31679 23090
13092 18904 26066
25495 24409 3664
22119 3095 23131
5641 21059 26548
16689 16060 25028
14499 31568 2016
9495 684 4202
24874 30891 28116
4232 16981 15846
15418 16984 28703
7190 22335 3016
4756 19882 14313
18643 142 19874
11914 1179 25725
31044 19868 18617
7780 31249 31728
30417 1828 3063
29192 24681 30973
29640 9921 4347
16722 14827 28468
32328 24492 32082
21983 4848 13826
29355 27904 18240
3640 25563 8258
15435 6373 17320
18843 3388 18777
10677 3445 19178
13023 19124 16908
21933 19263 16599
26135 2417 13959
14471 27306 28680
11 21849 21595
28101 25771 25406
30628 7238 4692
10234 21640 18321
202 26839 21881
16739 18340 30874
30074 32452 5528
25014 4481 13279
11512 192 26911
25105 2429 8995
4706 3136 4932
32277 25851 1390
790 4553 8348
3469 23532 19686
21156 12437 7602
1081 16126 7125
5452 4774 20550
23942 28119 13669
21294 17062 26417
30827 289 18180
21947 18213 7718
19351 20317 30060
11782 1811 10699
21686 1201 25790
11783 10633 13790
17792 9512 5430
10226 22330 8793
18371 20003 30297
11812 3625 19933
19883 14065 4288
4964 10353 27337
22007 6588 10933
24160 23880 27078
25566 9555 26219
5291 28545 16302
14538 11645 6266
177 32566 1564
12860 21204 3032
13143 7269 32008
6250 7252 9366
19776 22183 6450
14977 19504 25855
25836 10819 24148
31632 26241 20725
30261 25938 5458
32637 15336 6545
31947 32682 19927
2465 9029 28545
32452 30413 22571
26321 13578 25744
11612 6926 20262
31496 8145 30043
12663 28071 13184
20201 24898 14892
1664 18304 20729
21457 8045 27227
16829 3782 31502
5433 24097 24543
7477 21937 29233
17546 10471 12486
25779 26371 17341
2235 21932 21195
18570 5417 1574
19798 3390 8526
27953 9987 16395
1192 7720 6226
8134 2498 25653
32594 5007 14159
14103 4440 26036
12149 27939 21750
9683 6507 20105
30763 30271 18758
28121 22232 18597
6672 27078 17779
19952 11803 31785
29695 7529 2452
31305 32060 22307
15195 10841 30235
17814 2066 4674
4468 17034 19317
9123 11259 25399
1001 26902 21617
12202 15447 6326
9239 26986 18490
12254 31592 9564
1527 31795 30471
15588 7022 13796
12535 23117 24782
3888 8714 9323
28077 23849 14236
19838 31832 15800
29056 2394 5991
24290 7227 11973
17813 19273 31600
2081 10191 24566
30876 5963 15755
20309 10756 20674
17243 21889 17899
4620 24514 450
22023 22357 4678
14677 16182 29786
6342 22379 29038
21637 16142 3699
21490 1625 19625
28316 16844 5649
1270 13718 10871
31620 28031 19353
10972 8012 20101
4521 12928 15143
8672 25880 2299
6557 25606 31820
18348 30948 31593
195 7083 5376
10758 2643 25599
7470 15674 24503
17 6275 28632
8263 25185 32209
12922 15111 15224
714 19988 22243
20766 26216 5327
4153 21964 14988
5396 12184 21604
28901 742 15816
1056 12051 19318
6410 6344 11788
1777 28576 25385
10431 15517 17296
21954 7672 11556
23462 16832 27012
5936 17848 24621
30869 10807 20013
31588 7528 7065
4288 19656 17956
4584 1666 25269
6918 23174 13598
8887 18363 7542
25441 15354 29709
876 30458 7682
12226 550 24446
18332 21953 17151
12975 533 10871
22466 24061 23721
14713 12732 4429
31806 13931 3861
18170 4947 25888
21088 3353 5683
19714 30832 29698
32622 15285 8301
17932 14473 23287
23080 27799 31477
24011 11948 9808
15678 2262 5910
29360 133 6665
21926 22214 4656
21376 25877 24375
5600 11690 29225
899 27555 29867
5000 20105 18028
21758 13258 28750
1728 7007 25041
7418 11697 11240
31581 23843 31760
29818 26075 13134
4575 24158 18814
15027 8709 812
657 9025 3653
10476 15628 12002
32625 18812 28261
5120 19931 10546
8616 26952 19981
16577 18890 32430
21946 32353 3643
18353 3316 8746
17850 15072 24478
14785 4973 19101
8997 32567 23089
23329 17515 7982
31279 22976 4612
10814 3248 22894
30373 13719 4658
22659 14297 28391
18106 5051 3318
10110 4205 2689
8784 6832 15450
6253 23724 29562
32155 18443 28920
21865 25244 17118
9273 27832 13498
676 18372 18872
30224 10204 17841
2933 29069 6534
20877 7575 4426
21034 4431 3462
28443 32283 21133
15058 21349 20221
8176 26321 5679
10373 19174 26506
5755 2688 15766
465 15318 23575
10521 11956 13870
31825 25575 20502
28644 15321 3215
6298 26146 9218
17580 10947 23407
12040 6164 13145
6272 21913 25682
782 12113 5523
21591 27489 29813
22032 17516 25283
8875 19616 8811
13304 23729 18389
7727 15553 349
773 15945 32696
1513 26443 11508
3451 19087 24015
20812 2316 7509
5959 2234 19320
24363 27838 5299
27319 32563 15764
4258 10196 16480
28359 1058 2126
32066 28528 25969
7869 24096 26257
8225 18104 13640
28173 29713 22519
30115 32504 16540
5301 30604 29457
4112 22360 32738
16269 30562 17236
15708 19735 7712
32077 12317 4372
678 11900 12169
19499 20117 22355
598 4613 20353
13668 15590 32337
26602 16511 22996
15116 3182 794
16589 15359 8508
20982 12193 21385
19404 9984 14745
1182 3278 9078
20748 13840 13920
32074 3885 11021
4739 23499 11815
25834 19920 26498
26988 21022 31335
4442 14409 28306
16169 21765 5823
14616 1831 31386
20622 8760 17753
7043 658 22579
8340 28310 18002
5186 7094 8066
15319 19743 3620
13677 26042 29382
118 19675 2945
6013 16752 10450
5676 10770 18228
24380 6922 9572
12471 9356 2257
22820 31602 31396
10990 12253 16730
18166 30490 5682
4881 5098 22830
26472 16990 384
28984 804 12507
10551 30670 28789
30445 31021 15522
12820 30457 19079
29527 12267 12501
14099 17043 22997
27005 29228 18774
26533 31496 10463
3722 23145 24794
11596 3803 8944
21530 29006 23752
4489 3175 5214
1786 29454 30918
2228 14549 32545
1247 5040 18766
31670 15978 11641
11260 14802 28388
996 30833 20369
32134 9367 31690
13166 11639 4718
2181 7359 3137
18973 30867 19839
9346 31255 5550
10576 18660 29103
23533 15808 2894
2941 19094 8140
13404 5892 14131
17059 20237 1425
22248 11180 7356
24166 29187 10185
1362 15896 30165
26078 22457 25910
22721 6797 28308
6699 1170 4420
3373 25190 15121
20090 2222 22200
10456 10037 4501
5885 6753 29136
12642 8446 1890
13307 20626 3734
26717 29187 22737
32532 2674 852
18284 12257 21881
4156 17413 2147
14413 7409 3978
7456 12138 17878
24424 28199 6587
4346 30971 25772
20397 30945 8521
21490 12424 5256
13553 366 6655
163 31838 30761
32262 28201 4160
11110 2787 31250
25149 11397 6536
12896 15843 30759
22048 27740 21986
7827 22248 20514
12664 19288 5440
15711 3628 28724
32002 27994 2495
5941 1554 30257
10336 8222 3126
4965 2847 27916
22824 22425 27300
16985 5354 11159
10785 24001 4186
16020 5765 2243
7686 19381 9715
10826 27969 22738
19314 7053 7031
21113 13030 17460
28605 10550 31039
16828 29868 21521
13552 7708 25712
23641 25250 22953
6940 22176 2602
19511 832 27911
12217 8577 12478
24252 25939 29899
7641 6336 4227
20421 16015 19438
14412 4275 24105
9273 28514 31691
31504 1333 11931
31710 5346 28633
13216 22075 8389
30083 14312 21969
6140 23612 5095
12691 21688 22589
8834 12833 12592
32435 30919 23204
7411 21952 17883
6393 7293 9666
28467 16659 26377
28631 15623 22426
5799 11681 11012
28632 7822 15942
12610 8406 31667
9403 6517 21954
21403 31555 13415
32148 30061 16434
934 24050 29003
24567 11129 3408
14818 8281 16665
22619 1088 20737
18718 5784 23014
25913 31288 12872
4383 23283 6175
26512 8080 4877
31437 32470 31503
32467 5610 1646
31929 18118 5256
20342 31294 20124
23824 12798 2432
14983 4476 23661
8797 22970 24519
12831 4808 6698
13986 32083 31007
27025 12905 30789
14520 10169 22101
29079 7358 3575
26099 4085 7483
12277 29397 30969
31349 31157 29319
24396 8830 20179
28868 15375 5383
12043 12778 14201
14709 1018 22956
1217 23351 31785
27143 13630 16470
5959 11895 18125
3661 18358 26474
29043 28956 19786
18933 30787 14488
11597 10182 386
24581 27590 21338
14858 13286 27130
5232 18412 2580
3636 16573 20569
16398 6338 19681
5315 29584 19008
27034 27455 10599
16153 311 5678
22147 9290 10576
16156 32590 10601
23733 6376 24892
21478 4516 27941
23203 6034 63
6337 1230 22621
11580 15332 13389
14692 3295 8475
21390 23851 21029
8118 19378 31526
15939 32111 28569
28287 1102 4940
7487 8723 5436
14790 2380 32190
26635 16426 26854
14552 4672 29504
28106 13823 17555
30507 18587 19479
32745 30864 9593
8336 5762 30970
22230 30439 19828
14973 8837 6512
12888 3738 25876
16210 31043 3171
32604 5075 30456
29151 16982 17110
2907 13488 19761
11937 4137 1523
4513 13028 8167
19816 29305 6391
18712 24531 12412
8548 435 29858
6512 18085 28372
7887 11637 7471
21682 19720 11925
29871 17105 5390
20124 7827 20601
20059 28458 32204
32102 16391 10246
17362 2753 26092
1973 32489 24655
4361 16972 23972
20969 26404 17026
19367 22828 1459
20745 19376 6001
19453 17951 13017
13311 4221 31072
10519 27264 17799
25566 4871 23986
20782 10355 18666
607 7268 30294
16109 13967 7523
31213 687 22780
24908 20450 12797
29894 22798 11897
20192 21864 28042
14625 5337 5867
7925 12873 13163
1626 13181 32628
4570 26229 14639
13200 51 27817
24344 4995 31116
2624 27050 18696
23437 21974 18018
14265 14127 10508
680 10348 7876
18048 10743 16067
5432 7164 20285
27903 662 29933
17797 23061 20941
12567 19411 28164
7093 21384 12367
30821 845 32202
11942 9540 10055
11101 3502 13358
19654 16740 16457
9611 10086 18079
3467 21039 25213
22425 1055 8491
20384 11043 15590
20457 24169 15104
12514 120 16760
25826 9811 548
25784 6038 31007
2122 6371 24699
17015 17258 6217
27960 9144 4222
18637 21934 14479
12938 24368 16940
29793 19061 18322
16866 28394 279
30517 26009 25636
6035 2949 29345
27498 20967 23125
16906 10717 28609
22380 8215 1031
10133 29504 16367
4798 22508 22273
6038 24395 25343
8665 14364 10956
26756 2931 30228
17623 20936 4026
30280 13664 25598
2019 29355 15837
19670 21677 19343
30119 23890 32231
14616 1444 26326
27443 12529 18211
28286 6667 21565
18951 10931 29953
31185 1576 32513
12363 10400 15350
27171 20350 5750
18528 6752 14490
32490 28660 7195
30791 26254 25927
22181 7006 7784
3735 19285 16811
7078 20143 19163
19954 30605 21771
5329 22319 11187
14653 5523 16162
24174 25999 13905
4619 21388 5354
29538 5043 21828
26614 11483 7595
10605 21891 25953
13016 26350 31272
25403 27696 16246
2857 26539 8894
4461 28830 28799
31468 22058 19154
14307 13569 16486
26346 26233 26345
7920 26311 11180
821 22435 8237
12353 20834 3734
30500 5934 15198
19858 14238 176
5192 16329 12891
17304 15479 21956
8458 20709 18111
26014 5553 30104
751 7024 31054
28356 4510 19980
23999 997 25896
3054 9951 7026
21491 29807 20210
32182 8183 12604
19011 14811 6013
9223 19979 24904
13094 7292 32405
3373 21808 10871
18592 25179 3573
24692 27141 1882
2484 6727 28057
16565 2964 7181
7765 10137 6630
7522 13748 11934
16299 5332 18781
26853 1878 22424
15362 18275 4819
24956 13704 16508
29895 22813 26216
5588 12058 9306
6741 11362 31411
8456 24095 10950
15490 21991 15575
20956 19396 12245
22580 17297 28034
8002 24629 11253
10587 10724 11784
146 23428 17580
1579 18941 10253
2552 17873 11178
13158 8202 32647
7684 17441 25529
19223 3773 12793
11110 19628 23395
17940 13874 14136
23093 28805 7022
19987 25908 30485
20052 10725 7037
323 2548 17605
19669 9609 14704
4514 17286 23521
12396 8930 24682
31112 18369 9290
15685 6658 12913
11294 18775 6494
7904 10121 5170
955 30785 26174
15050 7691 23630
2400 10955 27671
6460 22944 12335
22468 18414 18597
271 23956 22121
8624 15289 25199
5768 11648 2820
5796 9456 19827
25824 2603 15431
20975 5937 22061
18593 4096 5854
32709 20283 31298
17700 30729 32364
16642 7985 23876
31192 15776 3054
24966 14055 11575
15388 31327 32118
32384 20642 15847
24780 14068 15141
4353 17615 13105
3290 2785 17271
18079 10136 12748
1668 32339 1330
29983 26988 2868
2307 2195 30616
5980 4042 1215
6863 2753 12729
28895 3571 788
27336 6611 26603
745 7503 23147
21216 7193 8916
14561 17324 6500
24353 32167 17807
27483 2458 10083
11812 23678 8398
24633 19860 20641
15436 22600 28426
5012 12472 10615
15719 31490 14878
10353 24630 24474
8325 18158 25826
12653 2760 27445
18470 11159 29601
24798 13254 27426
29959 18141 17533
27943 23994 7868
27702 14390 17692
24872 17535 13560
4418 15279 25914
31251 9035 23496
5013 3918 7664
27412 23869 27638
31325 8419 29647
13440 24383 3322
23696 31599 28191
32660 18525 2425
31470 12966 10213
28901 25057 6247
20501 28727 28543
29456 17108 26639
3832 6624 28657
26703 12984 3940
601 6268 11068
19701 3470 32615
24612 26498 12116
28172 8074 29072
31150 4538 30611
15998 14600 29044
20035 27406 27318
23192 11158 20257
30621 190 27084
15554 1840 21731
16388 12390 32415
