630
22992 215 435
28703 302 800
9387 281 950
29401 130 786
3177 823 748
20416 53 623
25258 580 578
31136 100 163
13501 205 671
22151 564 665
4617 469 292
24723 933 344
3791 244 683
9894 986 311
22054 473 606
3273 317 961
20348 969 146
31336 231 465
6919 607 237
30901 947 327
17894 236 655
11722 736 37
25061 946 434
12644 11 794
30240 237 452
32341 391 735
21752 643 937
20469 406 395
6426 145 599
7485 460 602
11908 607 752
11096 138 163
11726 149 341
28607 439 30
16163 333 241
15946 747 540
1963 498 542
6583 506 322
8020 460 83
32143 818 951
1601 202 595
11904 665 388
22596 402 165
6770 988 334
25134 379 708
9231 93 462
4060 207 947
28026 22 339
15176 57 438
25682 937 372
1034 756 597
1389 439 40
21515 129 869
6342 692 940
24915 886 198
5770 757 41
9796 67 669
3159 248 422
16537 1000 338
17921 36 127
15614 384 318
16251 121 108
22568 360 300
3510 107 23
32684 420 425
2705 200 227
11271 145 925
13367 784 962
23192 198 509
27254 890 491
18812 146 624
5370 215 854
28811 23 39
21353 140 132
23008 548 253
13530 54 750
16829 880 984
9760 722 690
6309 98 691
24276 140 854
29694 63 768
9002 832 698
30884 580 811
17661 835 258
10277 930 43
30855 551 614
1195 125 122
25030 178 703
2233 157 74
17797 315 677
18246 686 351
5492 295 177
32222 609 261
12509 539 503
17868 298 70
15321 301 943
12929 270 7
27918 242 624
23213 84 475
13911 305 973
22214 140 881
18168 965 658
31482 366 361
9751 363 857
19377 356 979
6843 462 57
13108 716 476
21125 274 433
9236 12 223
19153 200 122
26457 753 662
30734 183 850
9912 699 576
5481 243 411
8748 368 447
31517 471 780
15822 833 643
25607 553 593
32708 190 735
15186 962 221
32663 747 379
29017 49 710
32600 582 768
772 521 650
15442 286 522
24922 603 537
18504 445 334
20218 391 878
15718 346 950
10157 260 779
11886 431 322
27236 382 789
8655 490 354
22579 612 832
421 682 655
6943 333 928
973 297 238
15854 838 419
29850 930 571
23082 871 286
21451 599 601
21529 207 61
9938 845 114
21602 287 120
5261 85 613
32135 698 663
7676 696 423
12165 226 775
25757 821 595
5691 682 286
14968 441 532
20325 957 322
247 22 448
15177 641 983
29478 319 803
5995 56 482
11506 294 823
25835 784 532
25715 888 405
25679 514 226
11121 937 431
12007 150 278
32417 218 714
14869 470 225
13643 745 320
27423 294 355
24406 483 137
25163 822 18
6391 583 114
23161 444 658
8808 661 930
30336 382 46
28539 721 918
10225 8 685
13798 877 577
4871 820 440
4758 677 248
507 997 166
32106 51 85
11757 293 938
16427 598 452
28189 419 742
20637 71 513
20023 11 415
5872 36 616
13005 555 754
8458 746 26
8032 93 744
22615 145 810
29576 442 519
21287 83 258
7442 502 371
7101 505 402
23347 81 960
5792 692 251
21282 267 929
24273 425 330
28853 363 749
18917 996 407
28113 222 759
8006 356 285
29140 728 310
13559 830 295
5697 119 48
27067 483 669
20560 57 809
10095 954 82
22325 309 265
2537 411 321
11581 141 657
17871 906 360
1549 945 870
18447 963 766
28325 755 951
4620 104 415
27648 827 355
24474 254 300
19294 919 534
31578 159 356
11163 368 269
6937 71 364
26920 289 634
314 15 445
7801 347 610
16735 387 431
26890 188 688
13761 13 422
10052 315 918
16377 539 866
32237 292 404
11050 43 570
13291 853 233
16082 170 440
27001 107 399
6303 876 764
27684 242 461
2339 243 47
31535 93 656
16963 243 862
18468 211 804
30624 559 288
28103 169 894
28802 412 528
2973 692 466
18401 438 713
16075 338 11
668 395 940
24824 806 751
3342 549 764
23667 206 859
26735 533 834
4308 161 560
9678 327 220
17859 158 188
3973 36 951
4542 969 527
25457 327 558
30947 111 352
3933 94 370
27697 935 504
20059 885 566
19390 672 658
8445 48 1
11984 194 269
13235 679 811
2781 500 974
11703 384 88
28385 151 53
26700 155 173
31365 273 628
315 49 955
4365 910 945
27859 802 612
5646 321 894
27357 474 526
22101 431 991
24377 102 932
10630 473 656
23079 401 66
26968 812 122
25955 663 512
8582 552 56
17057 364 619
26563 295 882
32016 195 116
11602 768 135
21215 865 799
9239 447 849
23818 709 206
3895 995 631
19148 63 520
7074 990 830
21392 289 535
14113 679 182
32053 500 508
23735 959 150
19969 485 246
891 332 105
18585 689 836
22832 93 887
30157 161 92
17483 111 996
4910 203 835
24870 254 790
3737 762 607
23693 878 466
5686 676 105
16878 297 237
432 523 224
7630 511 336
1155 409 505
17750 333 974
17073 750 895
14860 899 943
22600 61 759
3360 676 635
31094 747 410
26573 424 66
21538 751 445
1726 94 289
7490 94 577
5246 719 693
870 727 254
29519 194 409
27951 597 572
16653 914 359
17836 951 172
16346 482 833
29141 58 600
25801 993 658
12699 808 999
10697 630 396
29758 695 15
29304 238 672
23286 906 478
27560 947 662
5642 400 127
23481 319 672
18406 49 442
28190 508 899
30429 62 86
11932 460 834
8586 772 472
14635 857 24
4881 905 43
10623 857 663
27580 16 886
8611 750 514
18328 309 159
24875 85 981
20516 77 385
28394 383 774
10034 376 877
21807 131 266
18562 879 6
29937 33 817
3280 451 335
3707 792 447
13368 320 344
24176 332 33
5959 816 507
9279 149 983
9494 740 153
9060 864 843
31288 979 845
17157 407 976
28521 422 131
26571 692 95
20542 853 37
4621 397 138
18757 145 295
16030 590 970
23129 101 171
4840 448 342
1298 210 151
3343 727 210
22682 791 162
22359 73 80
13140 836 521
2564 278 351
26639 234 883
10597 527 288
14271 756 84
5587 175 681
4593 933 699
450 583 566
7546 527 96
26174 308 229
30731 210 246
26722 385 341
14002 128 808
17073 933 908
19053 742 749
6998 664 762
21346 702 226
19641 675 325
29266 263 181
6122 488 636
7008 382 242
4296 355 74
7758 431 585
25087 830 974
22443 430 546
23335 384 273
7099 49 66
9641 724 228
14067 274 230
3387 288 916
10596 786 237
3852 468 618
22889 346 535
28411 564 507
12146 898 494
29810 182 268
12233 835 277
14513 801 137
2199 243 875
11953 700 137
31140 589 498
20720 363 653
18553 561 818
15291 349 577
28401 190 156
31445 476 66
11105 532 47
1926 672 393
24790 590 803
28801 793 770
6948 282 248
30494 172 789
23987 483 299
9685 190 798
30033 552 259
4615 76 86
9328 813 963
12143 738 1
32411 338 818
26072 119 732
29447 812 902
2533 740 973
12168 137 332
20 624 957
31827 281 456
15681 455 478
18010 469 831
6731 371 375
4379 195 669
6332 284 647
19005 428 852
21617 73 243
18521 276 470
701 622 930
27570 450 331
6526 461 867
13007 691 413
6420 11 332
28218 522 272
2630 815 838
26060 51 51
7538 489 704
1863 868 270
2714 104 673
26938 252 991
27180 454 916
24159 39 858
19614 630 864
21739 497 128
27440 348 409
6801 657 634
30316 354 502
10532 810 558
22343 283 198
10524 500 823
15850 703 34
11882 898 861
9612 881 823
10589 140 431
5864 693 938
26764 780 699
31532 271 771
10746 15 552
20349 31 172
26865 938 996
3423 517 964
9036 76 457
13986 152 563
3106 879 874
13222 48 514
23313 688 306
10511 700 544
28314 414 794
9797 578 722
7505 573 863
8277 214 473
9420 586 277
9475 258 827
30352 891 31
8252 421 30
629 287 283
545 221 818
23350 252 115
7774 36 362
32036 313 630
19863 741 623
26683 171 861
16388 529 343
30214 133 749
7317 312 935
10517 821 759
2624 477 229
30454 365 79
10553 643 980
3814 708 45
24651 636 541
11971 680 570
18061 95 794
1249 431 260
27680 671 657
14532 833 340
25795 796 331
19965 878 571
19800 672 519
31641 990 673
8627 421 782
6109 973 338
10824 621 246
11075 908 85
8596 948 612
28413 214 203
32600 416 23
14950 282 556
11257 142 683
33 861 861
18598 125 472
18141 204 287
18703 169 191
21242 318 912
25051 965 405
19838 137 241
23317 533 38
27162 754 205
14411 329 89
12591 863 721
28699 208 194
29721 546 876
11091 226 916
24873 53 882
18430 414 757
31240 531 803
14063 921 549
10890 1 577
19107 855 24
14102 652 341
17562 578 26
289 4 215
27250 458 141
1408 436 401
15978 493 454
19317 779 847
12054 26 30
3261 823 339
16491 551 611
32278 256 657
25714 440 525
7402 10 864
1083 165 936
4648 192 895
10726 249 902
25459 589 518
25318 611 229
9004 278 271
24003 872 723
25858 433 89
2307 283 604
16400 945 810
8458 398 86
26796 51 437
14606 873 195
15225 58 203
28524 608 788
16474 648 775
14344 158 279
1871 896 92
1918 289 744
6772 138 894
16460 538 587
26506 967 604
7996 905 654
18644 586 218
5812 655 971
2107 823 732
8384 693 130
10473 102 722
7660 267 282
17117 201 652
27459 289 928
6442 485 276
1045 357 266
7900 360 633
21588 355 597
10173 201 232
26269 803 845
22886 142 433
25942 200 878
26215 148 661
2141 955 664
113 188 265
4415 644 240
4023 310 663
30196 615 760
27916 678 926
24206 589 656
26989 614 329
13410 758 528
10474 862 658
16781 785 396
4144 944 358
21991 104 281
2859 536 841
8904 825 546
6256 839 886
4382 282 539
6253 263 412
19916 773 872
12440 147 711
13908 970 852
29202 326 28
17444 641 843
12408 628 712
7981 20 79
