972
24692 26940 19656
11756 5848 26622
32256 22543 3152
9265 2766 10150
3263 24962 29250
344 1220 19041
9241 2233 28978
29096 3030 20241
25281 6013 21012
24414 27139 13689
18458 19356 32665
5642 12720 8003
15526 31509 24881
23314 30596 6112
23010 24075 6326
25136 27778 24511
15390 32430 546
24523 29296 19599
2359 11939 14055
21620 14574 29582
27959 7823 7871
21490 31682 13320
10821 8146 22030
20383 11085 10133
2935 402 30253
7945 11809 19137
8791 12711 9777
29456 5933 11289
17725 7949 23319
24313 11776 26835
22739 7900 25683
46 3853 1423
6489 5631 24112
22688 2041 5858
26747 14624 30097
30991 14423 168
10984 8574 8424
28570 31077 9295
3298 4265 8319
25704 12190 30108
10101 22112 19565
12622 32575 27292
2092 13050 196
25271 31000 26293
6989 5671 26852
16188 18234 27166
32009 3312 4340
175 14686 17951
20514 25394 4328
9349 24352 11241
30963 15379 26284
29412 12897 28399
4579 545 15683
25275 15981 5368
10918 23322 31988
9910 16559 7536
30170 5257 9451
16874 1579 5788
224 5567 10448
21634 21736 29365
6 6360 27967
12262 4879 26662
11610 4036 5159
32519 9594 20315
17082 31626 9858
15062 15828 13783
18437 27461 23257
3094 5284 4509
21622 9612 20631
29440 26071 28935
3721 31295 9755
25213 1705 670
14341 13296 25598
16343 8692 11668
31738 26465 25109
14644 9299 32497
4823 17618 6926
29762 13215 14478
13533 25106 27070
969 17834 9837
19872 1417 30580
11821 6213 21535
858 6594 17653
10248 245 7983
31536 28178 16363
19797 21733 17599
24513 5236 21732
26862 6641 14319
8596 21944 29245
3407 22505 7065
16706 11403 2705
13008 19792 30087
16750 19720 25977
3802 3401 27191
13032 16852 965
13511 13429 22464
14225 26868 6262
23654 226 19317
26839 27092 10785
29534 15725 24926
21728 27461 26759
13796 11027 28067
20934 11091 12413
16510 29487 12142
18536 29765 11391
12239 17305 2556
24766 4392 2691
17560 4631 11215
14267 10669 28647
29050 13996 30022
2836 8263 14988
1300 9376 9983
8591 32460 19070
7835 6234 13770
13988 32007 4538
5114 9313 25895
26262 2552 4081
14360 12834 19062
5199 19384 15958
21727 23370 27240
5279 4921 21467
16 1748 3920
8886 6244 17515
785 287 4710
20461 18484 32255
11564 26791 27422
21815 20964 15523
25861 20788 16149
30422 16725 27331
31016 32155 12882
6951 9254 30048
22783 5226 10947
23455 17471 21488
22172 19985 27451
17234 15805 21022
9987 23401 10598
12439 28536 32168
23055 14759 24425
30639 19625 1287
17404 25886 25895
626 15184 25511
8765 28249 9824
19816 15975 32471
29227 28023 25134
23783 31762 25278
19367 15829 5505
9481 3900 12530
27345 24669 21934
30092 20845 6796
15195 27933 16692
22278 13501 32195
32031 11506 7220
30960 12068 893
19717 23139 31578
26738 28578 29527
20061 13580 23340
22010 27380 29960
12342 5408 31473
17405 4300 11321
10073 5360 6579
9088 31685 6179
243 17526 6408
13103 32147 29327
31506 16210 23716
31787 22037 522
26497 30663 20198
5091 32596 373
4773 10637 4572
27785 4512 29489
19310 15766 24949
1541 10810 153
2679 1055 22224
20339 17491 30343
26083 7325 26100
3471 26444 5655
3235 15207 26193
13473 15987 23788
16168 19246 3036
25793 28087 10902
29862 15521 14750
11659 5128 20723
25463 16590 22546
31391 14172 15266
18504 15137 10410
7298 8080 32476
23301 32271 15694
22960 15517 22604
12749 29134 5551
25101 27105 3275
12622 9901 15818
29428 867 9216
26460 7394 28659
1160 9053 24398
6048 18924 559
2342 19827 31653
11182 10207 6616
11771 6748 26126
28394 30000 4540
14386 29169 6395
21499 19412 32297
7224 23253 27859
17606 27869 6071
21753 11828 20528
32545 6609 24739
24375 25423 11453
4035 10096 25112
8515 31180 17347
27158 11688 13762
437 6919 6592
14071 26334 1395
4100 10705 10909
3472 1253 3533
30730 30050 10336
12484 3116 21030
5587 28526 1133
28913 13839 24356
29002 28309 1966
17642 335 1732
16807 32172 22595
24184 1055 15304
26272 19857 2946
15821 21830 27584
6611 25218 22895
25765 2624 15915
1254 22324 17146
5383 26228 17501
31043 24349 3739
20716 31689 14649
19591 24238 30514
26417 14146 16597
26872 19308 22311
3997 13431 30629
921 24368 3652
15085 18677 24007
12737 20719 27332
7443 5358 5752
22070 2779 3714
26423 6348 23782
8763 2241 12116
29723 26482 18135
16666 31463 15858
9452 7005 17119
17674 18658 256
9639 18657 789
8834 27922 6666
6042 21040 1674
856 11465 18585
1459 20980 760
3395 14923 9132
22922 22428 23893
28558 9513 31795
6518 31926 31567
14888 29343 15204
22283 31970 20716
13394 6914 26111
13004 580 29876
13201 19043 2528
1280 22151 2604
25536 29162 19817
25827 11462 17821
5961 17570 12463
16044 21238 32074
8939 30109 24178
15908 22956 31656
2726 18120 16190
22204 14165 25406
28054 32451 27471
29540 10285 16423
15591 399 10255
10133 7846 11381
28206 23297 25665
26699 4093 1002
5065 23338 12858
11999 22306 22711
9739 17474 8630
16643 23629 32332
24170 18096 9001
81 14802 24662
25064 29509 23712
26916 18184 19328
10851 13515 7311
7102 22638 6807
13983 6506 28949
15327 12363 13852
5920 2464 27305
29280 7545 19813
552 19897 18216
14698 11812 30693
17281 17408 16056
10083 15004 21043
11476 14643 32262
30123 28815 32221
12726 16848 4542
22452 323 31794
9925 3676 13652
11303 13741 31626
15703 19894 11127
29963 374 11187
23984 6152 4294
9516 19014 22920
32706 25092 2458
54 2809 15070
9942 27493 20995
22588 21121 19281
16057 19688 9041
11943 27814 12180
22848 2376 9400
30653 22241 6218
16699 8661 17653
18240 3592 24224
5178 31420 30970
20959 20867 25618
9890 9260 13
16990 16188 27685
28177 13512 2017
13004 14230 518
7166 5934 27529
31011 23300 21827
1807 20351 24161
13334 15130 8216
2992 7973 12347
28679 5932 28427
15543 23630 2667
9564 16604 21712
9033 8145 7573
2209 7970 1701
31037 26496 17988
31294 18097 23714
19363 17424 17065
9906 21711 3775
23368 28949 15908
27011 13809 4722
28480 6865 18269
5234 21435 1592
12778 26820 19474
10633 24118 28517
10979 30010 493
12830 4704 1036
2271 31054 17918
30188 5206 7657
17517 29207 1190
15553 15821 5250
16645 12036 14879
19065 12701 27654
1017 25222 8160
14401 11134 21396
28956 17819 13710
32596 28495 10471
19258 29664 5180
18605 32123 28831
2750 10542 28963
12904 23133 14755
1811 19178 28959
1734 21679 1867
32672 30355 143
10767 23397 29008
22391 31804 23406
7115 11658 31163
25354 1763 24506
7426 3824 30793
2435 3568 14474
12424 17113 14328
17300 21059 31327
2946 27110 20158
16345 28302 31118
31649 4836 8347
14626 13816 2533
5575 26197 13949
25919 3383 711
31514 25289 26297
25378 27050 25983
31656 13410 4096
17783 32529 27508
9514 23575 10515
21251 12278 8326
12684 11151 30390
26720 24050 4543
7233 8366 9854
7928 3642 4885
13968 30766 10389
2893 19535 16122
12886 28885 15247
6381 6044 10469
6137 16677 1247
21669 19045 22557
18294 16284 5515
26057 5980 4715
19931 16867 11827
7611 18601 22144
20361 20852 18061
28902 9819 13359
23818 5281 7127
28399 9069 1236
2918 16651 9976
30670 30698 28783
27200 10461 9796
2565 29652 15463
16666 1645 12319
10806 27095 9972
10896 8724 23283
7876 25080 7832
32628 23640 15411
6719 9141 1843
23818 6846 9062
1490 25688 1687
14548 8159 22380
30955 20842 4263
14767 1935 2936
7630 6278 12130
16692 1601 3706
23261 17663 23917
407 14059 13033
9903 8465 18939
31606 17675 26158
340 2979 4896
7263 10409 13860
14171 13488 32750
16880 2156 26723
25450 16895 5622
28376 14860 6738
10635 19121 7682
22069 21463 29235
29576 13249 23067
22254 25086 2212
6110 4256 25406
25637 10463 12119
23852 4706 28493
30934 31119 25820
19002 5434 12319
25654 4174 28381
14046 20282 8888
18811 19628 2845
11370 21651 4630
26884 24966 15632
25712 25798 21267
553 28451 16628
10997 4486 26439
9239 25628 28324
9589 6968 21243
27002 4566 9638
4668 10333 5760
11763 10162 2337
3075 5184 30095
7553 21566 11706
19415 18112 6008
23909 11796 13457
22444 10777 8524
19253 20003 30154
5680 13539 18248
14860 17302 8812
28857 28117 1321
32543 19866 30853
4703 7146 17710
22053 8620 5571
32680 20716 19446
31558 1342 29704
17480 30112 21376
7067 14282 30891
23784 17923 27121
15962 9906 2654
24819 4440 30957
22605 13950 10988
21715 25849 24745
10272 9558 26964
1835 23074 24059
5538 14538 30186
31723 24119 5399
26397 7496 1410
15961 18994 8893
1866 10183 20947
3929 18744 5114
7046 6813 13462
22433 14220 10451
7510 13431 26633
7586 6742 24690
23398 15584 13026
3389 26100 3495
1403 1001 32466
29611 19414 10464
1040 29386 24616
31770 2580 20709
10145 27027 14909
2543 1590 32252
1223 19011 16292
21424 10735 25403
27058 19435 24151
28158 21430 26678
3755 4249 1882
22566 1669 6482
18080 3910 32398
25656 11044 30546
21991 16127 19106
4774 31431 16139
1207 8949 18021
15819 24044 10302
20504 28488 3056
19452 31676 18174
5925 3230 18265
7914 13662 15670
7167 21732 16872
11637 9716 21039
30407 3543 30738
12623 19265 25627
32362 30234 7073
9206 1069 3090
32309 16392 20685
32498 27033 18191
8287 8583 4151
24923 31556 5825
5391 17026 12552
28938 32180 25428
31370 23510 1431
6161 1885 892
13960 22234 31343
12100 27258 16998
6632 16833 6791
19702 13909 4961
7988 1931 3334
23362 17909 29014
10676 6727 24564
23408 2920 15468
11790 13515 4247
25686 19998 21097
28306 5423 3455
1995 14366 11952
17612 9133 14174
28543 8426 9456
7930 29116 32073
15320 22138 21974
13158 27511 26099
4004 917 24425
17638 2481 31485
18882 4197 4823
31460 23877 27767
18959 17709 14295
5310 31879 12830
20787 24663 10741
29543 16862 15618
9004 2144 30302
25987 30444 18323
8871 22344 8447
8570 2518 19275
12161 138 28193
13882 21120 27248
15630 5078 2501
18074 19428 409
25840 28153 14431
27803 2507 26629
16808 22198 29912
30978 11652 30440
10284 25986 3532
14586 15488 3884
31261 24671 2182
20155 4560 21087
21113 12106 23085
19317 16376 28366
19675 1013 30740
26596 10907 2033
11176 18637 26167
18014 30697 15286
15284 7027 22333
25661 18383 23122
5201 22066 13224
6634 29541 27034
18616 18716 1515
4090 264 19996
23633 3794 26533
13595 2587 17255
23887 12835 12340
21445 5489 31298
390 28933 24406
14314 30152 3788
3993 7832 7831
13332 7645 25012
21193 18735 19135
4792 9214 1800
25097 10901 21111
27565 27944 16979
13100 22538 27105
16119 15384 15095
22847 29865 10968
28022 15056 1302
31092 9269 18449
32020 5501 6747
1062 30084 3416
22913 29646 15229
10201 17149 4503
17319 6676 15975
21070 27876 20335
12630 19898 22070
30716 9323 24458
19421 20742 14737
21643 4031 23530
22402 30750 269
30504 11918 5610
26404 3514 31384
17358 25521 20645
9825 2073 20505
11981 13321 12286
2584 32525 3794
27202 29608 4231
10792 31288 10788
5433 4574 5871
14509 6866 20411
19114 18893 1475
18997 26256 7258
17048 124 24229
16285 8585 18362
8697 23220 4172
28057 17184 821
9774 25607 1249
26388 13922 23094
7986 19911 23705
26342 20581 13479
14291 10214 3740
2714 18292 31448
28034 20207 7834
13110 3133 6025
25006 29074 8094
16960 16953 34
27803 21892 27897
22651 18176 21571
7733 13981 26721
2317 20557 23856
13139 3191 14485
28429 14044 2749
1635 512 1575
3243 6247 20172
14460 18365 7227
8816 9584 14725
19515 29865 12633
4685 16279 18360
15877 13054 167
13669 5036 16960
23934 19780 22050
7395 9921 10295
23121 9598 20666
21812 28647 14165
10920 841 29516
16512 8281 3293
15319 18250 14843
18488 14913 24280
20016 16710 23386
20235 6752 16535
762 29606 13651
17323 13115 5812
4095 19053 13285
18980 30878 7677
20010 1207 21508
29874 28820 1564
304 5984 20283
18009 6945 27606
21563 29804 3307
2219 29797 18482
11273 13883 15413
11145 19701 236
10500 32433 1526
16566 8831 31737
5177 14818 10328
32407 5924 15121
2108 12503 5607
23681 12292 25976
852 17548 28719
8274 13296 5489
17040 4669 31306
26711 26948 3119
23947 31119 31207
11684 7759 27162
10503 21059 32179
14955 27097 702
31407 25197 13867
27898 31143 10952
4762 10096 2620
11105 8965 17363
16232 4895 25410
29938 19914 7413
22543 19425 25662
22045 19531 20563
29361 6561 28262
30795 21300 25888
25110 17140 2382
27343 6731 31436
2967 1214 3942
25352 19330 27997
9637 21557 28539
24894 22498 3099
29490 3612 31358
13542 8758 29469
10904 26504 8389
5716 15746 11609
30435 13194 17525
17664 20905 18494
30851 11927 28384
8426 8910 17162
26318 19336 21752
23232 18512 4949
1498 18302 15145
27093 26233 9608
7322 24855 821
18441 18995 6970
1348 17588 3816
21296 10335 25260
26215 25282 14523
28833 2729 27092
11579 17980 32711
31467 12772 29886
4624 28908 13969
27364 31320 21031
21992 4109 7314
25747 10380 6814
5282 22363 22676
9638 1388 9626
2365 18878 24113
5731 26331 15668
2587 32261 29462
16232 15894 9357
24914 21365 22754
30092 5999 3604
2406 23834 9907
31422 12104 30234
20740 23569 10682
28096 28251 19317
2199 16465 18037
31743 21422 13098
13004 9366 23646
12292 7365 21844
19811 25974 11307
15406 27887 20667
14812 7384 17660
5302 23234 32739
9697 16947 5893
23849 14116 30064
8575 17770 2704
27868 9073 20279
25991 32030 28788
19215 13465 1625
14002 713 23893
20143 32597 2097
25182 26116 4928
22262 3522 30468
6141 19908 5512
10599 30967 17069
28296 31091 28906
14029 16768 10435
18327 27950 13923
11336 6076 26857
2548 15245 12611
5774 8596 25919
27578 9414 4440
19692 32003 20535
18527 30219 10317
9896 22371 16445
22851 1382 1421
30930 32642 22246
10126 9615 15953
21419 27883 27822
17548 19050 6040
15911 24802 13165
20937 8750 9793
4917 5637 20733
13453 28771 23932
30675 31128 24793
2202 20285 32335
29212 13788 26260
5169 28924 31459
18631 30470 21624
13255 24154 14029
20444 23725 12463
32246 20524 10652
29317 2001 26821
20620 29118 23367
29506 14784 22117
7624 26269 2646
21231 4740 10646
15645 10689 6622
25689 15782 11251
17693 5467 14750
5460 21093 28037
7258 27054 9447
14228 26804 14155
3412 20160 25878
25271 30359 26779
19924 24520 19139
13885 447 31708
9290 8350 23799
7522 8049 9283
13824 7324 24576
4125 12568 6562
7998 11182 24008
29611 22044 2157
21178 17800 22449
620 15306 2929
28646 13368 3679
22020 23155 25088
22524 11915 9738
8186 23314 4222
22481 14339 28185
7241 25366 4742
20702 26446 18751
9886 27679 3374
30207 13695 12117
26180 11216 21778
209 1907 5277
3551 29706 28450
19134 4144 14902
900 28202 17523
279 17949 6632
15073 13336 24706
19911 15965 21400
28256 8271 3743
22150 10431 19703
1425 18990 22152
29337 11257 9298
9797 5666 345
31613 21801 15758
31507 6548 18256
14100 32465 7342
30023 24733 23588
6693 21199 891
2412 30702 4830
6232 10231 28709
27879 1900 4973
29420 18267 14580
107 23158 27504
2527 28270 9567
9761 30922 28915
11071 31350 7982
5084 32638 18693
19160 24342 30314
4281 19354 15737
134 11474 18753
19183 20517 13357
13766 19929 32056
24006 12233 24494
7013 3707 26938
2277 30297 29715
26202 21526 26718
20862 10466 7260
32560 24670 7041
6909 25356 27591
20876 30797 13323
2115 28402 25551
20910 3354 19566
30622 16570 13008
11264 27403 9030
31470 4509 22664
30482 17670 5158
6853 3610 13553
14999 1304 30059
20059 14721 31522
15926 27010 9402
11184 23843 25914
26962 29407 5095
14901 9162 10116
6425 21377 9857
22474 29249 20562
17519 14621 13363
4866 13333 20295
7579 16726 7860
3801 16344 6659
12222 32461 10766
17264 14474 7529
19062 30654 15435
3175 31225 12806
30787 18514 26110
16609 15412 28467
19584 25134 10008
23149 15971 19471
7185 4070 23560
18229 931 20071
16415 15966 11553
14662 3260 26395
25701 26434 20141
26583 4036 22702
11020 7957 27202
6354 2832 28665
11777 3726 14888
14346 17152 16448
10827 21046 17922
3816 21129 19223
31691 11402 23527
10868 1170 20948
4201 30219 25524
30465 16496 20877
12198 5117 4678
24555 32301 11210
28664 18896 24785
10018 1892 3438
1423 16990 4242
31614 20430 4758
20040 1410 32148
26122 31960 16718
11514 960 9021
17862 21981 3695
31334 17641 3031
3740 24274 1807
7277 26627 93
11118 23946 15928
17498 20963 16429
3214 3553 4592
31582 30008 24682
25345 25446 2990
4251 23027 16703
7763 30559 24534
15946 17236 23352
17906 14400 11475
982 23305 4459
2117 11240 26076
20758 27928 17714
10480 10306 7833
17120 21394 11930
9494 24090 1049
27561 575 2264
16235 75 1234
760 451 1121
32632 17806 19633
27849 26346 14459
22114 3470 6999
26177 15905 3163
24842 8725 27166
22326 19528 21558
29294 29546 9335
24702 15700 14533
646 23350 12479
19716 11912 47
7443 29580 162
8206 17708 1371
18728 30696 10145
9533 1027 9999
27973 1091 23382
14123 8436 19057
15713 27276 5260
30647 2469 17598
5945 20771 6472
350 24822 11860
9916 27949 22352
15154 22684 21859
3949 476 29654
326 12622 20706
30991 27130 8273
20917 12611 9371
3322 25435 28076
12937 21490 3431
32486 11267 20048
7977 10064 30968
30488 20258 3253
3097 2561 28346
27948 21555 32636
1590 6972 22460
2545 27876 1348
11948 30796 12696
19482 20110 8632
26460 11507 23766
16042 10852 17027
31605 21282 28992
24933 17323 3630
32341 5052 25372
17071 1422 30747
3879 23903 23119
1954 17011 31763
14763 1898 30922
2622 1238 10532
23851 1719 32733
7932 7706 22204
26772 9924 23611
18998 31184 20558
26399 13630 11991
793 15454 17121
23317 1840 31974
25888 27153 5456
19602 1595 23455
12873 20479 24368
