634
23375 299 651
18994 705 227
16833 566 514
32285 186 646
3967 813 978
19215 11 605
22978 789 688
3931 748 818
18104 856 527
31792 681 74
29157 364 488
19052 723 803
32445 932 120
27169 352 54
1482 831 442
8943 942 245
1976 549 246
12169 699 405
28440 838 259
2292 436 665
13509 986 950
26216 442 52
17445 412 226
31961 251 864
5057 504 823
21906 625 912
23527 2 680
13671 81 696
14420 295 412
5739 468 14
8986 431 816
13357 681 711
26172 987 411
12004 385 266
11954 196 564
25627 584 790
9947 990 878
23477 181 229
14211 683 34
7777 952 616
5635 196 841
1755 427 65
27438 8 854
12681 947 323
29184 320 845
9812 50 247
15950 964 465
18131 795 998
15079 541 796
32537 117 315
11235 206 513
16848 401 397
27933 440 429
2140 280 486
3582 370 514
30273 355 537
9002 324 73
27395 697 269
31662 839 820
20529 35 619
10942 54 23
22884 93 808
22569 68 246
19024 982 851
22787 122 420
15169 260 494
32574 67 756
20114 841 76
10789 790 982
27142 630 712
15098 849 708
23816 426 435
30751 518 986
31040 47 43
28312 220 486
5374 461 767
21704 568 172
18273 656 706
8878 790 884
31829 381 459
21276 905 655
21170 7 179
24213 50 336
8481 29 843
19407 472 452
3736 802 392
31512 5 53
29061 246 899
26895 786 847
13578 519 897
23137 983 607
26062 347 782
1432 165 504
20562 78 569
12575 26 326
22735 90 830
11005 393 583
30979 443 687
19708 866 904
10875 846 272
15157 564 579
1082 14 430
1086 447 966
2248 771 442
4452 718 11
7704 733 935
15034 271 377
31426 488 272
9706 677 589
3198 499 94
10241 727 958
2541 458 995
433 857 287
5642 753 650
19141 571 543
9696 920 475
3250 698 444
18770 510 369
13708 332 603
7710 579 630
969 625 905
8288 475 292
8344 370 649
20023 800 178
8634 509 559
15469 913 871
27925 195 432
22559 832 912
18306 472 763
13792 822 684
1412 3 753
2254 910 626
12258 961 996
15497 916 208
18279 581 912
17176 393 831
31273 443 851
1049 756 270
25133 457 983
3277 140 612
6209 406 785
14565 995 595
22367 366 718
6676 453 69
27644 524 581
30939 515 755
2059 458 808
29444 794 709
8096 335 332
3268 301 466
31601 239 78
3972 442 203
1456 866 590
23995 492 13
19180 425 713
1380 66 597
3068 262 165
25325 548 970
24354 870 323
9403 301 921
3562 246 104
914 132 390
27246 981 207
7810 929 186
4614 765 993
10539 850 854
19597 690 425
4465 135 49
16071 22 563
32252 165 408
19336 330 920
6425 882 668
4772 652 951
5068 328 843
19937 706 579
15170 827 331
11095 19 8
28380 533 580
512 421 265
20358 260 601
10351 663 12
12580 534 947
7903 22 861
15662 195 344
29979 909 670
25044 275 453
10740 58 264
11084 401 312
1333 503 497
3338 560 107
28254 450 232
32537 331 170
20877 284 639
14287 119 612
4435 256 865
17552 687 480
8055 287 138
25688 254 855
28617 929 699
23882 106 639
24470 998 321
8826 624 4
12643 234 500
4508 529 800
12266 838 551
26733 537 148
15518 853 430
24558 318 524
19736 670 696
12228 126 45
30779 501 747
9821 509 79
32504 98 421
4780 731 59
1518 153 415
660 471 38
19556 441 961
25956 608 604
25160 47 462
999 718 932
574 73 4
2044 293 970
5602 513 775
2993 489 529
22978 905 55
27729 373 151
25546 612 793
30703 553 908
18958 975 200
3144 729 916
8498 319 468
29724 924 563
20718 900 887
19529 37 619
8790 769 426
3150 553 937
16108 525 482
1535 664 574
26798 86 775
24209 557 112
21144 252 590
14157 855 439
32340 923 246
1667 854 247
12051 350 926
4499 106 730
10935 440 285
7984 333 62
31201 294 704
25889 819 520
27777 350 859
30510 512 775
11247 715 332
9467 411 694
25797 810 40
21244 311 359
25058 877 624
32463 263 710
8044 321 141
22936 550 742
14243 342 682
17203 338 956
25825 757 317
1886 172 644
31527 935 677
6691 620 108
250 95 635
17192 11 949
17026 337 679
16313 139 866
11049 93 894
29090 289 887
12590 757 520
17710 664 114
31716 774 681
8941 261 81
30872 966 935
4625 36 105
6993 403 791
13943 885 750
24555 589 722
8645 548 860
5430 257 702
4377 167 267
24352 934 172
14656 114 400
32287 965 499
16754 142 813
6470 650 970
4353 701 826
21968 679 598
11906 286 431
16909 732 360
12114 539 880
21228 83 70
11401 171 658
15001 528 457
28351 205 160
998 92 223
5153 78 350
29060 265 814
27861 555 984
28968 434 610
14234 385 361
21044 394 977
23839 737 485
11394 861 670
21141 516 502
20318 88 825
31837 361 80
31189 435 333
20452 200 392
21722 822 727
8199 978 110
31999 311 937
415 652 238
11433 905 945
7681 689 655
6408 242 631
10122 989 65
9027 422 142
2207 215 330
27790 543 476
24486 258 61
30502 88 979
31451 18 272
5997 241 166
23829 744 245
24475 319 117
28884 95 830
13747 200 678
306 818 291
14026 829 295
26762 968 871
15298 845 828
13040 61 606
4864 587 494
18136 105 105
8134 18 219
4211 291 532
23359 460 475
15537 545 694
31833 566 318
22252 621 834
8966 9 15
10398 606 127
6261 79 666
7353 358 162
22881 333 277
12407 425 12
153 545 229
14781 668 317
5940 841 235
3937 804 191
7486 255 246
31227 849 129
6340 419 786
21511 320 163
29308 888 287
30329 987 461
11910 931 896
2844 211 703
29943 115 720
12371 648 99
12587 919 267
4624 361 919
8208 934 765
18973 429 718
17643 671 33
3601 810 53
14665 868 801
31614 144 604
30737 659 501
17220 283 740
27896 5 772
6922 924 718
2246 612 539
18500 241 294
12334 387 154
23135 493 686
24098 521 599
20955 2 935
5097 722 397
4226 964 24
112 4 770
4863 317 905
30073 952 846
11898 492 772
7360 100 533
27919 757 105
14384 246 727
14894 196 459
24498 436 155
27726 249 266
29773 94 228
27515 103 208
13184 20 377
19615 648 202
18217 485 875
18329 178 281
11597 271 137
642 738 314
12450 291 816
22191 221 559
13741 557 255
1102 433 225
10695 65 957
20404 462 939
14452 546 602
20400 232 364
24773 618 665
22152 153 329
26562 374 775
26467 28 639
17937 494 783
10322 628 201
24142 223 850
17713 682 871
22230 259 138
21019 809 532
11506 572 941
31785 497 563
20641 485 559
19883 404 413
8055 820 677
1826 449 305
14922 343 11
8355 839 993
17569 455 10
32623 131 309
28197 922 766
23003 427 671
1406 922 471
14307 322 632
4457 959 824
2301 554 876
22506 393 594
30727 777 606
9440 1000 754
3170 482 880
22630 937 629
21402 478 688
6863 412 318
20780 323 789
22298 92 942
23113 575 556
7719 219 115
24996 684 354
9255 793 699
7087 835 250
30445 894 915
24021 242 59
10033 107 465
15247 404 449
14311 179 167
14953 682 220
3628 352 526
4688 899 433
8584 936 37
25026 865 934
8038 838 285
5560 579 747
26140 542 520
4956 337 825
31445 377 353
1516 770 886
15158 568 848
7521 293 210
22178 8 109
6824 28 555
25690 172 819
19597 808 23
757 129 395
11450 954 915
8934 665 699
11844 34 865
16642 242 970
6084 874 800
14150 898 896
241 892 10
14675 923 429
20529 24 105
24407 763 897
28321 886 480
7511 576 601
27000 573 195
32283 546 479
28127 302 104
16427 451 423
2192 462 868
22686 895 506
25809 76 687
12967 921 826
32435 224 234
5159 815 831
27283 266 629
11948 372 153
2134 905 788
24994 70 537
17107 944 555
23979 305 129
27751 826 423
589 651 351
28589 464 567
18041 683 564
30664 179 60
4513 833 318
30152 279 301
28241 761 470
4364 551 464
16515 708 944
11953 749 257
31018 340 737
24688 345 797
28075 864 964
17782 422 259
21818 684 278
18460 189 143
18259 904 966
14726 41 778
15818 51 974
10394 547 426
25124 38 242
968 720 316
8507 521 993
11670 385 242
29021 855 637
14841 848 69
13913 554 663
7895 25 883
3140 441 540
19530 363 382
19679 21 252
29053 738 315
11473 847 632
14649 979 736
9545 607 920
5500 218 972
21401 92 848
21423 97 713
23521 344 551
15192 460 327
31992 231 385
30555 486 671
13059 685 974
3618 133 53
21377 687 691
18253 649 499
18611 966 463
7602 204 856
19370 55 950
21206 946 744
866 768 373
29990 643 218
5298 971 532
15518 165 989
16892 286 651
6554 920 156
2774 180 488
16389 683 847
6965 91 793
27944 576 779
5813 449 127
12479 60 498
14356 260 280
12834 798 550
9727 343 716
20650 616 546
5567 356 64
10894 215 331
10596 946 425
6130 184 357
14984 824 831
4066 386 682
17340 389 892
19304 608 620
10808 349 844
24321 573 130
5746 743 352
32030 23 18
9626 791 324
13428 962 644
22325 134 525
21318 497 532
331 435 700
13548 243 493
6881 792 826
12619 668 586
8128 695 863
15864 3 344
427 952 944
7984 641 229
23191 65 273
23298 711 451
12427 118 266
2857 669 889
26402 653 285
14991 660 361
17391 363 740
16759 144 805
561 907 787
8119 90 880
10140 156 345
13960 52 433
28447 865 125
3041 504 972
32743 580 449
32591 586 728
5663 405 636
7363 393 188
4117 335 377
5088 585 967
19911 358 837
23193 199 963
18958 685 100
14414 215 925
7132 564 154
29348 230 27
29513 924 266
10184 836 91
31072 597 501
6630 347 389
2803 969 415
24050 564 965
26073 305 487
5147 198 940
23905 497 623
6785 637 410
21987 969 305
6906 445 731
28855 307 616
31513 530 41
18680 380 698
8621 843 500
