635
31719 21938 31503
30699 27379 951
6085 25785 13811
24500 30998 23606
2928 161 12898
23371 3966 27085
11032 6084 7306
22664 1422 23462
338 6688 27952
10947 24629 32272
4061 26251 5037
14451 18062 25637
15386 18623 12601
10431 23233 14511
18933 16418 7700
18305 13150 24969
17204 21858 17979
22195 12468 8999
8798 22839 11936
14909 18124 23064
24509 4323 29982
26521 24595 16022
25639 9554 11433
21709 1495 2692
14480 12263 25695
23210 21282 21602
23190 3152 17292
11341 11164 4648
15754 14592 15805
14939 4978 3338
31896 6173 18804
8811 9856 11140
28192 24836 2338
15258 23592 26955
29032 5809 18792
30531 21150 11510
18211 29100 26836
14665 6032 31094
23171 27724 31893
3452 7539 19898
25554 5743 8923
18427 5089 28432
3787 4597 16092
15523 32455 27428
7712 11168 9140
24045 31569 25771
13049 31791 19103
19910 29406 18972
14919 27590 26167
19271 23388 30723
23367 26109 18375
32340 25055 4313
27021 5947 27846
32403 18256 4700
8797 15385 31257
9524 8323 29921
12372 29191 14263
20861 25116 31514
24956 9328 6841
22051 30210 22848
31591 13310 25858
22988 23385 4257
30186 24032 10494
8018 21306 22791
28803 18200 25902
31392 11161 17263
16285 29748 15992
15679 10017 31239
17956 28687 29048
12781 7151 12150
17706 1119 12863
24787 31852 974
11921 15678 12101
24119 25790 28607
10479 3320 6013
25533 19584 14050
8746 22457 11466
30863 28614 2108
23423 1782 25406
1805 13209 24636
5360 4776 8952
32462 2411 492
14157 17068 17782
6164 29240 1288
25429 21736 10413
2575 3399 5428
29084 17671 339
6010 26577 8858
580 14564 17177
19825 23027 32380
3238 8453 20676
16031 29364 16050
15987 32431 32621
30990 6161 22793
14090 2424 8009
32567 24892 17396
5864 11366 458
15670 8349 7194
17531 5884 10236
22816 24630 26273
32457 30917 13672
27119 3700 5701
11174 32310 17120
8838 4756 3482
4712 23558 2565
26289 18212 786
13667 12878 28008
7738 15954 31639
2958 25345 27280
32350 1782 5849
18719 12206 23114
31822 15015 13475
263 8321 22806
15231 15417 7384
649 27387 5254
8436 2927 23515
15725 22755 23531
20677 15824 919
31867 8275 432
19863 21976 1383
14649 17397 10269
18879 10494 29568
32042 32457 20357
2106 6731 14520
1030 269 13589
32727 29296 19385
28561 27677 6317
23825 24477 7938
10535 6503 9614
3986 30347 8517
22042 23744 19661
22110 15222 6652
23404 11459 12731
18952 5367 7258
8846 31751 10192
18061 25600 16087
29744 9279 32435
24224 9067 20484
7999 8365 17525
16529 14035 29051
4517 1905 3872
14608 17338 26618
21874 18830 5660
23168 24864 7176
24676 20424 14631
20372 26909 18623
7442 7842 21964
5740 5405 16012
23599 22052 19865
23918 6339 32253
16786 12855 11912
3461 30896 21248
5128 14003 23643
17821 12694 4893
26658 32370 13524
14700 14686 16776
15736 18189 16914
6625 18255 12842
8982 23304 30082
30681 29045 24811
8984 31379 27411
493 23740 9447
24211 26424 10176
9327 19063 16208
14947 20740 30601
32494 2383 5166
4730 9227 20070
25822 2250 12091
27838 11104 11495
18236 21994 8587
26009 15055 21628
827 27805 21702
24519 8961 24721
13919 23786 14104
11792 11216 28938
29339 5149 12067
18654 16118 18373
3396 31089 10651
31488 24921 24099
23030 19161 23121
6129 9122 22734
32448 4599 2269
4986 25322 12083
16697 29297 1309
1420 6293 10604
17477 18963 14924
5798 9402 21128
15532 28805 22364
20512 170 30333
14050 10117 14803
10546 12143 2591
12934 19932 17510
13458 8289 16624
10368 30344 7417
23549 7196 26544
5838 29395 1494
28167 20094 11243
31066 31062 13368
14339 8315 6139
14708 11529 14975
18669 27361 2106
9661 12027 26271
7051 10091 2388
687 27208 26033
5452 14248 14587
18433 15709 9131
21647 12715 14700
14744 21685 19116
1102 28802 23943
19143 19083 1889
9323 31448 13922
12551 15419 24676
15629 15446 27811
18292 20806 3247
6346 7844 7945
30381 31028 22903
13468 21780 11495
19693 15565 27140
26060 14936 11899
24691 13401 31851
5463 474 13933
2708 22508 29741
11643 18060 7901
5137 16363 18476
16750 16202 27069
7042 23366 9074
24688 9508 28532
25841 28194 8388
15535 12841 2040
28165 9954 5873
9152 8077 23016
9285 4309 91
2451 16443 22595
859 29428 12857
26668 20792 726
16230 3691 26738
17804 27486 1654
944 1005 12586
7817 14935 12700
18543 14337 3931
4237 19173 9990
25174 11716 19979
13676 30423 7008
17690 19675 1532
3033 16183 3118
3651 12934 21996
19482 21917 3426
24537 22288 20932
31759 15271 22628
27343 18459 18238
18094 19460 643
22328 19825 14061
23157 17045 31226
3246 20826 22192
12171 405 28692
18289 9913 12019
24964 28613 31763
30506 5712 30283
4612 28680 21987
10833 18939 18259
24757 11518 22728
21925 1996 15056
14922 21370 23939
10570 2119 25736
25482 27878 14491
27983 23086 15185
1685 26352 5338
7639 2974 9538
30686 2076 19227
17187 880 18190
13717 10508 4080
23575 26391 25065
8049 6295 9432
12839 26740 3473
24090 9486 32246
9125 13394 1105
14510 28478 20105
28131 17808 5388
31746 31757 32149
21173 27165 13246
27326 32711 29051
11554 7767 6898
15971 10869 15481
14196 22629 4378
24786 24276 19773
30951 16552 15059
762 17860 11804
7072 30047 32628
24748 11851 25225
23474 9980 30588
10962 11904 26070
26213 26614 13500
2159 5109 32628
27892 17900 590
13367 29307 24612
28794 31606 3772
16296 5721 6361
29903 4353 23774
17885 23370 18232
26235 26745 26714
10140 31706 7426
9234 17087 12494
5964 25858 32450
21897 7954 27404
5842 2063 11159
7283 13299 31211
25230 6453 764
15904 32311 6299
27619 13154 24268
17678 20027 24198
19227 2604 26363
18744 9332 2331
17281 14572 4549
10013 26071 21015
26116 27237 32308
31646 17869 6442
24006 5774 20557
20217 1710 24079
20318 31823 32077
915 13043 1127
16062 23379 23479
27985 163 11516
30961 22084 7717
31909 32171 10293
22070 24581 28947
13480 16153 13283
7713 14023 4901
17869 26234 27313
15046 17933 15509
12052 14276 5593
2332 25854 21960
17866 32661 496
17436 22672 9793
2101 31922 7651
5444 22897 7272
14780 12551 6013
4234 11206 25563
1906 15768 27407
6879 11012 842
27140 2595 1042
16850 5788 31757
13946 17505 10963
12284 31794 13548
24922 3116 8085
32048 25229 9946
28666 14580 32165
27304 25739 7566
559 23106 24917
31400 19901 14146
21147 14404 25051
4177 4720 30206
5700 31375 19589
12177 15190 31286
21567 2717 16580
24186 8460 12712
13451 5299 25848
24674 11815 14013
29051 1325 31238
22687 24213 7132
6461 22892 10269
9659 27002 15207
13655 25296 2361
18282 32452 12385
19515 32649 17982
12471 21556 9458
5444 8225 8645
21783 30098 31547
12713 528 6132
23151 31283 19002
23901 9917 23800
29477 30259 3000
24777 2989 3054
19153 18404 31078
10465 21464 22122
30014 21079 18112
23828 15197 2274
17059 23586 29264
8944 9733 21141
3431 13727 9309
3486 11867 32723
21714 3158 18996
2949 7746 19375
5482 31070 9352
3755 31563 10884
6911 30412 9372
15540 8258 203
20867 3217 1846
14733 2725 12859
12619 16210 28043
11300 24062 25392
6218 11295 5027
32448 30819 15034
1377 21015 232
9422 6782 32247
3040 26452 31452
28231 27373 3450
17604 18625 27436
13559 20451 13291
20573 11419 8594
2632 2884 24874
30299 19919 12110
3178 1208 28572
27512 23163 23837
16358 2669 31079
2873 6705 15854
18170 23674 8644
14711 4308 28623
8798 24608 6844
29361 26917 2497
24375 12132 10719
9049 15961 20602
17508 11953 3804
32154 32339 25916
17775 13695 1285
578 9808 2371
19391 30781 13597
7390 6700 5508
22248 4330 24330
23590 23177 14761
6947 4377 23352
18248 30847 18068
12635 17253 25048
26041 26012 2000
11854 31607 23103
4750 13660 19631
7858 23332 24331
30101 8550 3346
1125 6234 13278
19357 13357 24328
5382 25297 12237
21677 30149 2503
13456 22971 11221
6692 25873 14255
1747 24802 26356
6129 31634 27731
2259 25083 6581
31586 1147 17598
32637 29213 12633
28481 16351 30576
15151 15500 28378
8243 12555 22212
18439 19304 122
5527 9074 5053
12537 7131 11432
31321 29612 30833
4113 11988 23379
20080 4736 6279
20601 18559 18185
1287 5614 23427
22291 8172 29048
7291 4269 6103
19654 11687 12070
5299 25253 1776
4567 25402 19575
7556 21828 31163
992 11969 612
14875 11458 12884
18492 5403 15212
14242 29619 29400
19214 12903 6561
1176 14448 31388
10025 25539 21732
927 19529 8752
17786 3726 29871
12194 25202 23539
17102 14483 10999
8359 16690 25136
8458 16880 15888
1956 8636 7405
1314 23705 3488
23860 27569 6396
21888 9913 25332
4609 16207 5874
1176 25704 30559
24888 19872 5118
16852 2673 31599
17510 24665 2028
16163 28441 17
17804 15141 15020
17360 22313 32510
22354 16012 22835
30061 1185 29198
17560 30902 9369
9709 14824 316
32738 10941 1976
8786 8021 23940
28740 18767 24254
32621 29272 29408
7392 13761 6512
19107 11450 17938
6430 26865 27657
25274 14252 8955
8974 7044 19458
8472 4497 18088
21195 12125 19750
30205 24276 31855
21679 19562 26804
14997 32034 18333
16818 22289 7053
20992 11747 15281
4183 12521 27027
20129 6088 8978
7654 9347 971
17224 2239 6337
17139 871 23521
16418 22717 21381
5973 27036 11029
18798 25355 8554
18715 23633 11204
27230 3878 2232
1838 8567 19465
28861 9041 16310
19350 19579 17707
28206 27233 16068
6807 8283 5831
25106 25460 10420
25390 8639 13826
31619 3469 13176
25231 5109 8240
17647 14932 12141
4021 12752 15770
21278 31323 22007
29985 20441 27772
20448 31425 14371
20055 18270 30034
31883 24339 3216
3018 8763 24833
8977 5029 18380
23330 3440 32394
27743 5097 27872
19243 11497 10561
18736 32109 27598
27090 5373 25033
5810 21376 16934
8177 32395 23349
31360 24759 30203
25057 20683 2859
10718 31423 32229
23812 26655 26329
32318 25154 18639
27086 9100 4113
28024 23507 28352
1775 19118 7416
17976 16401 12264
19885 23606 10755
398 28804 22929
30864 22867 22840
8362 11233 197
3311 15522 4841
31266 30652 20682
19712 2926 7016
7259 3789 32706
7026 26216 11882
4839 19028 26128
15043 15140 7176
31480 8767 17747
8651 18937 11427
30522 29473 4629
19507 11289 10265
19888 2586 8064
18642 29692 4619
23139 22078 28342
8489 30320 20518
6160 23588 11168
23662 21742 20645
23565 29595 8020
9709 4611 13970
5407 16569 9305
20898 24308 24168
29954 4293 887
27487 32223 2339
31421 6317 8151
31704 5635 29931
26666 22007 4000
3174 16386 29135
22328 21633 14924
32109 28211 26196
29637 10850 26733
19609 14680 2758
25903 26825 26791
16252 5215 13186
16104 23480 7155
23596 2546 8639
29099 3036 28567
31982 32000 20344
16181 23806 5464
27933 392 22150
12411 10429 15042
11457 21834 15373
4830 10386 9903
1438 22577 24773
6864 13129 4162
22424 12936 27601
2779 4474 17687
15300 11104 2322
13336 18850 23648
9347 7092 5441
24938 4079 21270
18032 31522 8506
20766 20187 4499
10512 18778 25391
22727 21801 5426
3966 9109 1995
15714 27364 22715
18577 14254 11883
15917 12908 11472
13100 3756 743
23222 7095 3481
11951 26346 11445
3340 8018 13650
6348 6689 32327
5913 17347 17298
12591 26093 16615
11915 27482 24427
4269 28089 30861
21719 24984 20133
9474 785 22621
4416 26289 9924
9030 15806 11214
8417 23764 3240
29331 16204 424
5421 3647 32213
32163 13754 15711
21353 5197 27338
30028 24457 10355
2046 1781 3068
10005 1904 222
30401 6527 25413
29289 14408 8885
11649 29781 23010
27668 23071 6788
4213 17719 28514
13057 3956 31512
4198 30273 2062
10871 5626 3241
