681
18356 9893 7941
11263 16817 11757
30639 27571 26042
22429 31614 5871
5200 15940 26256
5607 32544 19947
12697 2061 27431
3496 1322 31296
24089 10096 29236
19776 15108 8749
5064 24678 4656
528 32288 21650
10315 17193 7907
31588 30914 25141
29349 18095 14194
26551 13229 19498
5504 10570 26108
12649 19845 13621
25739 5132 15087
7232 21459 16951
164 3526 7570
22338 744 31244
22989 4273 14464
11985 18705 28518
5911 8742 17407
30997 7906 24448
17416 11769 18816
19212 26996 1733
24612 12098 8873
3806 31989 18621
22698 28359 15285
17482 17630 31452
23969 25407 21523
6724 25753 14862
15042 6689 27009
15641 7828 16649
12775 4040 31014
14010 18662 18905
6153 5129 8010
9976 24078 12060
30452 21648 10688
30681 7553 20960
1329 30878 14886
5713 762 20275
13022 29191 27773
12797 27848 23734
9581 21876 27594
9911 26769 17879
5499 16475 16836
2334 6976 2943
26945 7472 20405
27488 25629 9814
27470 1713 3605
25071 1086 28651
28810 12646 15767
10213 2762 20834
29107 11940 28561
4412 23508 5748
23504 7862 1287
19767 10924 14826
30798 4094 19146
25984 509 15574
6346 26404 32357
30437 17169 11319
31664 20661 6860
26309 13068 28879
30257 30392 7436
25740 2056 29515
9546 5416 20587
26817 16722 4888
2762 7766 28347
11165 15666 30838
23703 31898 19662
19245 17422 31395
15278 12511 13381
7510 29639 14649
21893 9710 17211
1127 26521 13333
28123 7815 32631
7418 30698 12126
18467 14500 3620
21066 19153 6534
12031 10872 586
25171 31025 1879
15760 11795 17266
11597 5573 15991
24963 5800 31561
25705 14959 16599
7715 22248 5137
23002 13730 27667
14294 25079 27459
26755 21701 5551
27862 22750 17084
13296 27101 10665
2812 29836 53
29022 23015 17130
23544 8383 15881
4348 3745 3433
22614 22128 24945
2732 25010 4139
10002 1178 10679
21491 20603 20830
29362 19563 18707
11472 20206 12613
24089 4678 25398
4019 13635 26796
12949 30494 5797
13527 22368 24091
3541 17942 19830
21403 9805 4362
12743 20577 18192
11448 6931 15546
29073 9693 28660
32360 26576 7297
24095 8927 32198
24527 22247 31156
6659 31780 13571
13138 10646 28518
28560 22511 2861
30615 32346 10942
13693 12202 21335
19814 7396 28309
3444 14260 7245
7335 18580 22412
25941 29468 11990
27942 15276 23023
12055 30583 32701
22511 31929 17644
19601 18709 15522
31838 11504 20245
903 12867 11210
12339 2410 24097
17366 6232 13921
17481 29305 28773
27802 10177 29161
16327 13212 22658
24210 19532 10447
29155 19385 27700
22847 23894 2911
16012 26781 27986
11624 15799 10631
9360 31228 24654
2824 32122 27438
15402 32611 17889
27099 24510 16396
25326 20949 21930
4856 4443 321
1678 29974 30178
30526 27932 19998
4598 17864 20594
4489 28850 23259
30886 28896 8207
25819 4514 826
19033 22067 12338
1537 996 19517
11611 6900 8443
23906 19439 10098
10265 4738 23646
14581 13404 3989
21199 4829 23606
12179 879 18799
28774 6034 30985
3613 10022 1326
6616 4359 1958
23598 3737 7107
10682 14181 8163
18777 7631 213
32187 32658 4388
21787 9572 3443
567 13831 22900
4868 6525 20618
24621 5718 31317
22997 31753 27075
8255 18367 21143
18296 7241 26727
13702 17969 18123
7451 511 2884
14676 15481 2617
24033 9444 24532
15687 32664 22620
8154 308 28187
2866 1139 29521
29254 16489 11244
718 8284 21953
27988 6536 11668
4907 31270 18210
16084 20095 17193
8791 5308 30577
9365 21646 14566
8130 7543 943
4204 21427 5718
3638 30635 22207
31511 19846 19271
6281 11294 21119
624 30228 2742
20562 15971 6962
9395 10644 29491
6207 17238 21394
3529 14 24944
997 15145 8740
19658 23622 13560
13604 30405 2211
14139 1419 14398
882 866 31901
3252 29765 5253
5024 2221 23710
26861 1863 3925
1797 1238 24433
2921 27737 4723
7956 12115 868
17203 12403 151
11953 22083 24984
12909 15522 26708
1278 5039 11709
28830 2702 5110
13639 3877 9420
9217 10260 4155
20051 30038 19869
18758 17279 23851
18259 12995 17513
24198 563 25483
13080 8100 26267
20821 25077 20120
14940 31357 9856
14644 26896 23812
1090 7212 9902
24279 1026 28025
8283 2900 2876
9724 12163 18954
18383 20068 17193
29376 1014 21329
29563 25273 30329
25785 29610 30519
25381 25740 22008
4414 8057 10387
22035 1690 20386
5022 7585 9252
28586 18910 14108
9536 31980 1168
8928 17578 21451
18651 17026 19059
5539 1532 3684
15174 11008 24224
18822 3312 13838
8593 10143 1055
2385 13717 6509
8042 30358 31892
13129 13202 2602
29176 25086 7432
1609 2137 25051
10927 13017 2650
11271 9698 21849
718 19989 7097
25876 28704 24536
19336 20378 18161
2937 24233 24944
2050 23494 19836
9991 27989 17613
5547 23019 29327
6826 9651 11837
15521 27293 8608
5219 9383 27232
25879 17150 27152
29111 26266 7452
20480 12872 24584
18608 10738 8621
24675 2367 7074
18888 10966 13019
4138 29526 1783
18773 11371 24263
26185 8111 16558
32590 773 3024
32139 27700 23578
635 28683 31857
12914 12162 2313
16509 27511 24119
13278 20068 31958
17956 16445 5145
17794 4092 9051
9228 30717 9937
21587 12286 31187
10630 18378 9748
23655 4232 20174
9259 21233 23481
23812 13676 18888
23725 31235 3616
733 28953 25083
14789 23432 16776
6554 28513 8072
22608 31024 22
3397 9413 29457
5111 28503 16044
6459 10522 28492
32243 9784 2286
1446 15007 3398
10191 11044 18693
21942 8920 12099
1597 17810 20473
22531 2260 8066
5193 12014 18881
30704 29853 8023
22938 25963 5209
18912 30216 4169
5766 12607 4985
26001 5413 9281
12052 28952 8899
2318 31986 8937
2638 28080 18059
1002 16679 463
3438 7613 16248
23998 17974 6629
13000 15036 16313
23594 16077 115
2690 7230 16513
19397 29826 17056
18296 21192 27906
3265 14704 18959
25820 15462 21546
12076 32491 22093
376 7282 9408
13331 12696 2560
21398 27989 12224
8187 13704 23574
9466 32282 23298
16480 15666 7272
10358 18222 8845
10565 19536 30858
17149 2222 20779
20723 5139 22719
8261 2561 18708
8054 2096 22092
12110 1466 7115
5257 9388 17308
32113 15862 23689
8668 27248 5113
26306 13487 6845
20739 11535 13247
18662 24763 23187
4980 30279 25433
25009 17266 16257
79 5154 13923
21800 19503 324
5878 27836 17865
3765 20007 15835
11923 32545 16066
24500 16975 23384
23074 6847 4583
29092 29247 684
1436 24409 27880
27801 19039 22701
15436 5511 11903
8906 16575 3343
12677 29730 30651
14417 19293 12035
7205 302 11958
10859 7122 1463
2730 32029 1610
23524 4002 32500
22732 15754 15220
29816 19346 12423
12495 6319 1109
32575 7641 31030
21012 5453 30230
22671 22034 5234
908 2749 15902
13777 4901 14
29718 19295 16468
29241 26286 30101
9211 26536 20334
24936 27277 279
6650 8826 5488
17758 20630 32146
27557 24459 12777
14154 23978 820
21505 15111 24735
27404 30872 11822
1193 9651 30358
17301 19092 9427
23767 25400 31932
17000 12845 31278
3885 12383 30377
1755 19209 1635
18966 13670 18730
25076 23495 8301
9 19641 1939
2552 26846 23831
17437 8364 9
17666 18009 9538
9393 17171 32331
1079 7083 10715
20754 14276 14749
29048 13350 1552
30819 1893 3550
28581 31665 20631
32565 25120 18682
4549 31437 813
13969 12807 19764
10163 22031 2978
31335 19276 24052
16162 5268 7160
22161 15530 28708
28178 3621 30601
22777 11395 6214
30733 11508 6453
23682 16284 32699
29131 30791 13056
11193 19599 30720
32515 29798 16811
11137 11068 7624
13469 6565 20264
7482 20965 22325
7549 18284 5376
17676 14778 8107
27290 31097 3075
11362 17152 22757
1836 29921 10452
8630 5396 3166
12292 28531 7476
20025 20732 31016
22903 12165 1051
3852 27980 18883
12644 7009 29434
752 18551 10908
29493 30403 5311
16070 31470 1328
8684 29218 17263
10800 17572 11536
8358 708 7029
29489 10689 9015
7183 3020 20476
8868 176 2416
22455 32697 10719
29915 26572 17082
18525 7963 8991
201 25433 24307
119 9316 3811
15744 21644 7983
26275 22044 16993
26868 8395 28035
1491 28648 19786
1077 19570 24112
5443 26651 4241
22691 3773 2412
10905 6866 30876
5842 3235 5189
29392 9417 23621
27400 1740 25672
24235 1895 5177
11428 27370 3317
30188 23729 22162
25811 29462 22314
4226 15662 20667
7763 24065 8714
5990 21212 28170
4926 24858 6665
14054 15296 17291
12048 20993 11811
10894 9155 18934
19038 14031 5230
3820 12495 29890
21251 1317 26240
32732 19828 25044
3752 26114 13153
18991 23925 24386
7923 26822 10248
11713 17672 27923
13762 14836 28816
10578 14014 16147
19766 17043 926
7115 17732 9997
2699 6964 30400
16053 3447 18946
987 2575 5541
11263 17037 9028
16492 26041 3961
21878 18744 11895
18454 15952 29905
7794 12304 11745
16864 11586 17900
14506 687 29847
19180 12277 17456
2857 562 29801
9793 3058 27431
22236 2350 7578
31518 31592 13431
3635 6709 29377
23252 22310 26492
32197 8055 7533
2138 12117 145
515 1836 24676
19223 22169 1326
10829 31686 2699
17311 23402 12645
25618 18464 6626
5194 22971 8286
10434 22303 8216
2288 848 13542
16309 31619 17052
4155 18253 26676
343 6105 28222
7741 12776 5216
15163 10196 6845
17238 833 7504
27871 25451 21708
13198 10442 22017
9034 2451 17787
31211 18128 31090
19914 9077 9228
28784 26618 21925
4219 4711 31631
8385 18139 11368
26975 18961 32740
15012 2540 8422
819 1421 26097
9436 17543 6712
23867 24923 24879
8710 12218 8804
4547 23939 7384
26250 25619 18062
3337 12862 20829
7611 31140 10320
1219 26357 1777
2995 26107 6504
1155 3713 15433
1694 18376 4670
32170 15591 5342
15713 7762 26879
2472 2576 29785
31467 16162 12844
946 4644 5361
7309 18012 29943
23359 12175 17628
5932 20165 11469
4842 29670 6953
31276 1131 16074
22411 31772 11935
12387 12635 25882
2460 29125 14701
7801 17915 27505
1871 11875 10961
31609 9946 16155
4065 22245 1031
11140 18447 6740
18692 13543 4120
19943 25223 17905
21889 24666 7779
26363 27085 23924
6233 18319 30195
25506 26928 295
16911 7391 19463
30519 9560 16086
11755 30830 12882
22091 23461 1337
29509 25015 16853
24458 19181 32562
29509 18391 19827
12694 26999 2917
9628 226 13184
18374 23105 31196
1817 1953 2047
20731 26612 7345
25391 11395 22860
23312 5656 23026
19904 6582 20324
29339 18785 7228
5329 13201 27146
18918 11817 3270
18928 21985 15476
11124 28793 15561
20844 956 17746
15215 6961 7566
14780 8920 30782
10440 7206 11657
1948 7330 18945
14849 2389 26185
13264 3720 9004
27338 26494 2599
23947 24626 5365
26360 27837 16883
16620 29088 6749
25738 6656 23065
25359 27743 9223
437 7278 11245
11681 27231 14149
11554 17423 11044
29185 27145 6473
3571 3942 30886
4170 15009 25986
11810 25519 4912
22751 32040 6784
9553 6141 5006
16206 21799 11007
31544 3454 9550
11173 16953 2276
16412 14714 28220
13204 9767 32335
16163 22004 9735
22247 1261 3350
349 29684 3293
4933 25364 1858
27096 30430 2790
20787 7184 13154
21026 8811 23519
24776 28077 9676
3061 27928 4423
1701 5814 5173
22544 18214 15070
2554 5707 23320
2919 2697 30817
23243 9900 17632
4905 25167 26830
21422 18790 28902
7511 14436 10898
23738 29725 3214
11994 11980 15722
23908 29801 31533
12633 26012 25065
2416 18051 6531
21063 24927 23515
14668 11703 4077
14807 23976 5113
14444 11985 12951
31706 17920 19116
21629 27645 20820
32186 888 12507
3723 7901 8433
13321 22394 7405
11121 22714 9748
24410 11446 388
4901 6675 19975
9063 11588 6310
1732 2571 15362
17576 6465 12617
17256 27479 20948
22509 23457 1662
15405 12218 12531
3225 17126 20143
16372 3130 27995
17801 8698 5803
12220 32649 32211
15829 353 20343
28854 10592 11613
19943 890 1820
4437 27835 6
23200 16019 25577
15113 28721 12630
23423 9707 30437
4716 30436 15619
1543 14083 9568
9738 4542 21181
23518 4815 4842
4098 7153 15405
26191 666 27670
2362 9973 10363
9529 14018 1998
27871 14714 4852
28826 24986 22576
8538 25096 8875
4910 15119 25886
6161 26950 32556
2522 2528 23052
10115 14618 14995
26332 5520 23993
31652 9503 11180
10491 28762 17865
18052 30251 29411
13862 27338 4482
20386 15831 31530
26187 19146 15896
2688 22597 9260
30276 7752 19529
3405 29082 30037
9260 17852 577
9927 12775 20898
28042 11575 26101
32411 11638 12852
15613 10948 27512
11763 12465 534
6267 12098 12278
9714 17959 24510
25157 29436 9568
