924
29711 346 366
19487 504 91
18449 538 392
19121 106 926
2030 835 972
13952 456 467
19521 961 235
29530 455 763
19296 773 303
3662 712 14
9783 42 729
24165 154 925
4889 249 326
18895 34 793
27911 811 575
7528 490 489
11862 409 452
24043 382 383
5060 645 227
16681 551 528
8536 283 251
25368 613 128
5277 285 793
7591 631 247
2081 164 900
31622 529 368
14902 944 642
23915 786 484
7533 145 90
26246 23 227
9028 972 446
28688 905 449
8691 980 1000
27968 440 263
23659 132 652
8208 179 77
8156 524 56
5269 829 618
11355 819 343
23505 832 664
18052 660 718
16464 449 396
28201 180 164
32239 418 342
23151 800 924
13204 436 679
5610 168 978
8395 712 71
30094 693 55
6785 493 614
15254 113 625
18771 669 213
5042 272 739
2344 175 971
18458 46 734
29971 385 240
10064 409 963
7089 768 309
8382 543 982
22396 847 390
12919 320 75
9162 463 897
27833 467 817
21107 407 846
8205 87 650
3922 20 399
20754 136 577
30236 301 70
22865 986 26
29765 212 991
16057 610 116
5096 465 34
21389 916 154
28138 317 85
12005 406 446
12508 121 616
4634 476 655
14139 119 850
27055 312 323
25379 284 169
22681 823 846
11925 836 413
13039 771 404
26326 17 178
2415 854 549
11936 961 1
31062 441 223
30218 928 619
27777 482 187
26751 294 63
25549 75 620
12315 438 318
23088 135 629
11067 147 95
22796 810 238
7223 504 163
1687 110 731
17517 924 802
23933 62 511
4909 560 59
26883 79 891
26154 438 899
25426 974 672
7286 51 972
31667 37 4
15923 403 463
26852 937 271
2692 519 164
20433 403 406
10845 923 986
334 412 754
25161 135 200
12719 856 696
13886 411 123
9034 884 883
23050 986 214
22853 238 954
19992 698 913
23114 205 701
31590 603 928
25322 113 37
21257 594 671
13786 355 150
13473 274 475
3154 525 824
31859 428 270
4916 344 21
25909 459 417
29128 488 572
12969 472 322
7460 391 823
12698 725 476
18348 201 794
20188 364 886
7710 440 772
10836 582 771
19502 447 804
27716 131 995
157 188 360
4670 245 521
27979 791 666
13969 16 534
6590 987 751
20501 865 546
24328 8 462
24980 394 329
6684 914 248
22343 257 465
7662 248 130
13865 602 565
16622 890 14
5117 51 216
6597 652 656
24679 564 253
11614 239 723
9830 745 494
1172 203 27
27402 219 798
27178 766 654
31045 833 895
471 284 485
5151 856 581
3969 338 439
32701 780 175
12802 296 408
26353 332 120
5911 887 585
9818 881 233
22070 962 841
18228 101 457
16009 615 223
17251 219 343
2114 390 218
22896 286 799
5112 141 274
4703 65 402
17116 727 911
29871 297 999
2272 64 402
1765 885 731
13856 484 548
2409 217 971
10041 705 884
680 48 802
9289 452 709
10671 276 937
17616 248 675
15041 227 286
17070 961 974
7830 919 982
20710 891 730
22591 857 621
23294 491 765
14054 748 52
6153 855 777
8172 924 134
10431 390 773
15107 248 1
6706 315 149
11616 373 429
12036 630 852
12827 88 864
20256 875 630
3403 272 638
621 497 983
25745 413 549
29939 402 852
17151 1000 853
17252 620 564
18344 577 573
17676 803 505
1340 447 628
17557 626 49
15986 808 380
11043 209 437
15935 665 206
6574 721 772
23547 674 466
23209 172 206
6924 545 723
2647 367 467
4785 255 288
24159 655 783
13818 756 588
9588 333 389
32023 621 750
32311 167 507
10368 574 912
28826 50 992
11178 807 320
5994 845 450
4158 850 863
28622 658 788
9234 975 618
17113 431 371
21326 221 303
388 719 944
32140 869 248
26024 115 723
12236 461 797
19158 688 389
18070 328 875
2072 573 45
25251 199 197
12292 361 536
8156 429 896
3749 314 747
29081 110 220
5420 899 404
14434 110 362
12640 845 236
25757 971 494
25417 300 439
5875 677 874
19854 114 990
31311 426 523
3441 426 316
23752 425 469
28032 697 399
9168 361 958
4682 619 538
28028 425 798
8885 716 343
21452 862 80
13773 415 282
10287 47 893
3629 411 32
27844 330 353
28479 978 151
7673 614 984
13071 511 1000
23199 609 865
18284 396 569
29073 287 968
28542 85 998
9075 380 294
8996 994 746
19518 393 622
14263 53 452
31632 353 373
13819 818 614
5117 808 919
28526 531 477
10445 296 637
6459 490 589
20210 424 829
32106 909 632
16663 522 962
17197 545 955
24595 449 847
30047 909 403
4150 598 839
23177 58 178
2323 77 619
29707 752 323
12513 868 591
8762 733 486
23949 769 642
2451 216 451
9476 78 389
31062 504 249
4977 169 844
19999 710 436
31056 899 657
11100 670 737
23730 599 765
31923 20 133
16388 678 661
3247 69 15
13872 340 56
12368 881 906
28410 31 928
8019 5 625
22498 936 282
8011 765 897
27892 689 619
15334 903 515
12872 528 937
28908 103 699
23080 836 873
31456 700 929
9488 158 533
2378 468 569
24584 348 475
23054 567 280
23302 765 127
26469 202 296
5206 618 180
23115 604 463
30529 477 897
29060 285 494
15208 161 898
4481 306 256
32651 540 542
19409 417 189
30135 924 278
27872 294 508
12304 46 722
5426 792 704
9390 999 932
8028 514 510
9290 863 620
9833 534 332
4784 315 654
30828 685 110
299 766 139
12142 51 25
10858 606 949
7936 588 345
3212 741 374
20235 576 521
18778 226 961
27842 289 543
24022 190 23
185 541 432
31135 356 907
26001 194 582
5102 976 826
31930 897 573
7939 233 64
1850 180 493
15461 683 770
26232 722 816
25414 725 24
28024 704 484
22495 297 252
25884 455 829
28076 340 567
1582 286 410
10179 822 71
624 323 528
12744 924 554
20963 961 231
12581 648 435
27641 173 362
24970 971 286
27774 10 492
8432 515 721
29264 397 875
20102 413 565
23106 673 344
32087 679 779
25280 865 137
18055 145 969
21771 409 621
20604 523 357
5925 568 552
14163 350 62
5578 530 114
14434 526 451
22532 789 338
9664 128 34
22078 844 609
2064 236 612
27877 904 329
17399 895 191
1780 866 76
26118 262 543
30456 304 563
13062 634 636
30080 820 261
5092 989 124
29160 37 445
15276 560 168
24316 193 12
19288 569 549
30457 309 268
2656 599 64
10945 756 108
23624 269 574
7784 84 256
15010 697 986
18788 62 608
30784 374 721
6915 89 690
15749 116 610
29684 316 666
22301 76 351
27654 421 513
26492 505 452
18289 713 740
8442 183 364
16696 182 719
12644 88 314
30863 374 987
18778 462 161
27974 245 201
30931 481 16
7083 199 313
18327 285 214
607 261 238
19359 126 797
15629 2 787
22666 557 273
29968 324 784
2736 689 693
17759 3 282
13691 361 938
24928 574 730
28681 168 500
26221 699 46
27723 989 784
20015 823 233
17428 256 388
3103 202 760
17631 954 393
2763 488 734
20013 25 562
3507 961 862
24526 408 900
723 549 691
19570 446 245
6974 189 461
31310 579 619
9296 37 948
32457 728 633
9060 704 322
860 26 623
13329 828 160
4401 275 466
11606 961 3
28202 468 691
11335 277 112
29005 738 403
25357 398 396
28109 637 149
352 850 431
23341 775 473
18372 959 76
1575 479 737
26919 952 300
10590 174 539
22203 774 305
7697 348 752
28 134 428
13365 643 996
1577 390 560
32460 571 521
26897 726 460
19543 824 547
27265 226 683
27817 489 213
17157 295 718
7308 780 194
30185 487 573
17655 531 969
4420 665 665
32453 497 454
4087 771 759
19757 537 591
29119 770 958
4202 517 93
430 950 320
8024 709 628
15784 888 848
4585 451 470
29112 432 785
24518 284 1
28753 479 300
23931 803 972
27876 245 952
10226 173 548
28742 84 474
312 248 932
14049 311 405
21171 120 958
5800 970 419
18525 785 225
24379 698 370
5536 97 385
4300 748 236
16347 530 717
22167 685 206
5062 390 43
30739 580 250
547 332 170
42 374 435
21900 949 93
15372 963 918
22065 674 513
31615 598 122
20965 705 896
15047 929 67
28119 430 338
8809 511 275
29880 695 75
9083 518 214
20298 620 356
30533 530 793
20108 892 853
32603 113 22
13809 669 239
32629 821 606
22903 714 129
31924 425 852
30316 87 631
17945 868 779
32583 723 890
22603 322 645
12771 666 75
782 974 611
19698 501 571
245 921 70
25745 63 798
8747 307 338
32571 895 683
20854 755 967
7056 605 933
9914 236 312
21669 466 833
31902 482 163
24037 604 746
10036 979 218
20637 188 452
1954 896 55
5326 150 528
23873 68 706
23522 834 6
28344 712 458
32586 659 87
1518 507 14
28215 796 41
20469 90 324
31977 20 209
3632 191 567
11595 862 401
14442 319 210
15317 986 325
18329 166 843
11496 748 115
28540 150 265
5665 648 131
8537 450 6
15450 701 749
23683 734 842
10832 102 416
8567 524 588
27938 892 744
25254 444 573
31528 88 364
6735 231 995
16091 275 723
20213 126 729
8889 535 130
22606 328 71
7276 745 249
13511 999 210
25767 102 343
17388 52 286
5742 630 629
21590 133 396
11199 584 958
13291 642 485
1759 740 444
26520 322 424
16057 416 938
27598 170 426
2568 472 747
29023 767 965
14410 538 741
667 85 229
30891 426 514
27315 919 465
3693 609 168
11731 830 177
20337 178 57
27247 490 608
13554 464 771
11441 160 759
12178 677 145
8986 775 564
10054 716 926
20387 833 877
25797 54 228
21255 919 118
25988 706 840
22533 758 922
7274 80 521
687 71 613
12476 86 48
11300 513 518
14837 538 10
11597 30 20
4738 476 1
7026 608 464
29853 340 256
12219 383 793
31674 171 835
12037 887 145
10821 354 481
6540 816 939
1698 238 39
16981 200 15
5034 399 511
15466 60 452
10272 109 778
24630 665 812
17870 437 325
5552 685 64
23629 28 493
8211 270 329
11428 954 349
28234 77 693
6721 410 204
32620 824 717
27387 813 972
19661 6 707
6943 30 325
29585 309 691
19375 1000 650
5586 679 366
16483 421 330
12192 505 275
12302 577 443
30359 74 498
9579 15 985
23228 773 887
10120 620 979
30167 891 463
10308 811 427
12943 782 209
7323 644 73
18152 939 830
30134 111 420
22017 784 732
17148 178 74
15126 509 226
25746 693 906
13369 820 664
13065 4 777
27967 863 546
11322 275 256
23508 303 458
24174 299 901
944 717 966
17008 770 204
9828 533 804
18966 510 811
9278 650 49
27746 714 999
31787 717 49
14676 723 956
30375 895 598
20214 108 693
11288 397 724
13906 552 386
20777 985 103
2642 712 949
5121 433 210
9145 476 662
27491 661 722
11439 776 130
5410 839 780
17313 196 924
13164 422 276
2142 781 283
4310 270 658
24506 451 251
8498 474 811
14618 353 919
27028 935 317
32443 433 103
9236 225 566
25744 748 163
17451 635 828
21258 232 353
1729 263 184
556 379 984
1345 599 794
20141 435 457
25938 467 566
13861 799 784
18185 341 581
2160 408 681
4518 760 462
3019 130 65
17220 637 634
24152 992 221
510 907 49
6927 912 902
28025 811 32
326 749 665
9688 550 114
25938 27 713
14712 817 10
21999 427 898
15632 747 255
30066 471 68
18956 16 985
22267 546 866
3380 364 487
3858 760 1
1023 962 490
25723 531 381
4390 322 741
31017 360 895
16722 338 796
11408 145 105
32504 324 940
12237 270 255
8381 208 710
6488 131 853
16387 962 92
2368 156 104
11620 311 622
28700 319 535
14152 585 364
6715 152 191
23260 449 372
3512 753 28
29196 337 889
25977 326 586
4445 828 705
27722 917 891
7854 381 743
8839 667 295
17991 94 723
24093 777 251
26059 674 685
10186 237 183
23771 310 658
10711 663 822
404 858 790
17360 874 224
19250 932 200
29665 129 693
12142 826 629
4571 319 27
16256 412 941
8471 71 100
22474 939 81
5547 690 82
16783 854 336
7856 165 872
2119 990 866
10890 794 581
3189 609 957
15215 360 312
7173 650 274
4509 589 934
7320 136 372
32266 411 49
11851 122 656
11113 963 19
11747 797 798
9434 565 558
13148 482 969
10404 90 652
9801 284 502
15044 942 167
21397 385 128
15933 969 773
10362 138 69
28006 178 568
25803 605 584
10413 33 549
19173 655 62
4230 621 205
7651 298 664
2687 200 711
12013 785 284
31415 448 60
24754 420 710
29213 104 648
29806 346 129
10060 131 778
13846 759 767
4829 712 649
17778 684 818
18817 612 882
22612 972 647
32075 306 815
30256 779 663
15591 871 451
26548 230 716
25271 662 649
30021 260 559
32528 990 192
9563 381 408
12290 597 377
2101 620 835
7803 411 293
20584 418 551
2980 616 717
4131 642 57
19137 643 96
337 523 221
769 90 751
21200 249 989
29185 886 86
8062 113 916
29421 644 532
977 544 836
6024 357 319
19750 120 493
30589 424 25
2580 268 305
20420 644 67
25961 134 85
28431 352 940
15765 144 188
3434 793 126
26798 606 498
23707 847 937
6492 770 111
11238 523 865
29503 518 79
13627 400 730
7609 153 987
25347 822 866
6690 647 468
25848 942 716
24259 110 739
4058 926 439
19001 428 26
5847 269 400
31502 432 447
32511 179 478
1437 967 309
3108 352 263
30379 379 797
9194 828 895
6966 839 635
3837 658 112
13924 10 283
27043 55 686
13470 286 813
19489 545 102
5944 284 216
2225 344 859
22072 329 979
8185 911 52
24085 293 195
3651 264 539
11659 40 797
8934 739 524
31700 349 180
159 784 316
18915 193 231
205 680 256
24953 342 995
19659 639 964
6954 583 350
26592 397 40
24747 537 366
27002 257 339
21251 424 336
6830 310 477
21617 738 743
23353 152 329
1063 862 785
29037 801 635
3630 557 597
1497 143 890
7172 93 707
22150 547 277
17119 359 297
30495 669 353
4755 974 150
2658 43 189
29842 137 276
5801 127 505
27770 915 785
14963 959 395
5161 362 488
26403 561 91
27490 35 143
14212 727 456
22352 228 629
17579 631 756
2201 815 462
22340 144 651
32444 385 246
19585 655 414
5610 229 972
19728 378 298
2213 535 395
23026 962 657
8380 69 371
1537 723 36
2949 793 432
17541 731 43
29545 338 535
21558 173 773
