938
7169 499 315
27978 443 541
6740 48 799
18530 282 178
2679 300 789
22920 621 22
15316 855 623
24054 513 407
30763 471 670
10866 948 18
28794 230 301
29549 856 380
26846 797 666
15577 461 425
12162 653 430
19246 194 651
3838 778 413
7272 852 747
9900 224 490
19168 909 869
29667 331 210
5449 885 477
27926 414 296
28218 229 539
27719 839 532
15122 431 457
22614 768 758
7439 353 13
5383 795 153
4341 378 637
20443 630 440
12441 445 890
21528 186 844
16167 420 127
14981 702 1000
13316 416 545
6603 364 250
400 118 454
25218 726 925
11326 470 743
24132 885 903
15284 429 899
27499 51 863
29436 681 617
5944 993 842
24033 54 97
13982 930 42
28943 364 715
8678 198 71
1946 761 82
20957 382 248
17385 833 785
23895 106 900
4930 313 452
19495 858 308
6762 796 6
28889 117 686
30476 715 947
3286 81 989
21743 655 98
31416 281 476
10018 245 768
2297 740 744
13469 312 569
9023 385 253
25875 290 761
29427 363 770
9705 432 664
20462 743 246
10370 628 554
16468 190 221
29291 565 842
29436 594 39
3340 288 476
8695 438 232
26083 675 468
13071 559 615
29049 521 652
19036 399 68
12939 238 957
26426 326 685
13350 214 182
7751 320 852
8351 483 666
9015 695 145
14513 901 19
11160 93 781
21802 376 512
20453 678 66
8935 957 992
621 419 240
15379 930 594
3075 412 234
29418 86 992
19574 918 284
24935 54 44
20782 663 94
28325 652 452
16023 703 670
17895 74 416
6424 669 123
1140 949 265
16579 57 125
31444 741 537
32522 324 166
4879 95 851
26647 246 650
4346 308 326
6556 13 234
17080 302 648
7989 804 710
9978 231 704
2226 929 688
23460 324 55
6370 653 263
8924 868 759
29625 179 746
17838 538 161
26851 910 76
25299 523 297
29730 904 793
7481 390 312
24339 199 766
29010 297 412
10271 868 48
2405 741 990
201 812 154
2128 545 509
27037 294 217
16246 364 672
15464 283 133
28631 384 416
25985 69 134
24449 754 309
13126 638 511
979 999 11
3878 652 203
5719 441 57
13762 987 228
27928 887 854
11285 804 235
12470 941 654
19872 465 654
22964 672 13
29702 856 880
2989 691 636
29351 581 151
16502 596 512
279 566 487
3664 982 871
17789 141 575
31677 842 489
3146 28 819
6300 198 18
27842 956 73
18310 477 432
12868 560 760
5036 995 522
28778 575 475
28336 638 275
15428 932 68
3869 841 53
12127 14 229
13201 535 785
10593 801 58
6078 660 20
19286 518 274
16318 483 32
29704 162 903
13179 174 822
9969 453 253
10006 546 684
20404 540 529
11915 694 86
21014 367 918
18960 409 451
23278 268 124
9688 476 23
142 961 526
9029 337 950
391 328 831
31407 634 757
26337 587 919
19520 87 337
2836 522 695
7080 430 919
6511 578 232
17797 789 38
4522 329 426
20182 270 660
18898 862 623
19935 872 239
23771 474 159
26930 987 691
32371 160 976
21741 769 378
23792 415 349
8005 385 975
8299 712 566
21742 88 329
16999 286 849
23316 702 33
31644 165 655
8140 790 953
28079 524 316
17232 921 440
3342 302 773
27495 201 10
13090 635 117
24510 629 6
15246 1000 571
10531 670 760
12099 561 459
1763 303 435
22148 15 308
29876 994 673
10040 473 37
243 84 751
30485 842 259
9767 386 351
12682 711 86
3068 863 252
8057 65 998
21300 765 719
8986 432 139
11598 730 306
13469 106 725
19395 390 19
31846 856 143
31789 59 830
11772 508 330
23995 158 140
21245 695 690
20921 921 276
6074 154 769
27666 650 532
29504 758 709
2588 623 683
17153 260 747
9489 25 802
13914 669 618
17141 824 538
16544 26 645
25575 161 670
18562 360 266
17157 972 833
481 2 199
2416 515 751
23406 979 62
30487 722 946
15274 411 810
22598 484 994
282 866 227
12340 247 225
26582 777 25
8200 517 621
10938 326 952
3847 790 849
213 123 771
17386 302 804
2044 764 865
18574 216 320
21378 467 304
26749 718 900
17025 215 209
12290 519 293
835 877 803
21695 295 261
20894 96 804
12807 206 400
7271 507 160
21094 608 524
25167 236 292
11543 523 802
20667 488 214
6504 51 145
3963 910 133
21291 728 191
14958 554 534
4813 48 109
26222 982 818
172 158 96
16678 997 413
32441 898 95
29587 418 17
13464 300 284
32098 397 150
18868 313 433
21361 987 141
5624 375 433
13842 835 52
7483 775 566
1000 242 315
12928 802 423
21620 348 943
30604 312 854
29100 372 487
25223 976 293
27185 909 909
22189 188 789
32257 931 144
32298 23 488
9655 274 356
17085 591 527
30903 670 562
20411 752 72
20696 952 381
17279 107 383
19048 163 851
28528 837 60
13731 185 587
3363 980 242
19184 435 952
29768 234 720
1410 504 540
28759 44 983
45 454 377
9792 775 213
7828 293 847
22926 553 833
16632 328 314
7606 789 98
19277 755 143
27534 380 872
30819 20 812
31772 400 497
22603 415 31
319 395 908
1332 311 204
10721 492 644
7289 178 575
8882 930 194
29088 511 722
17820 995 80
20330 298 935
14704 597 515
32588 388 989
12410 22 154
18926 573 730
4100 466 555
17280 927 733
25577 434 537
3321 679 884
26826 141 462
20397 138 177
31877 813 268
10934 653 535
14329 403 25
8737 920 907
9794 65 108
28133 802 378
19694 316 319
23304 805 681
21979 520 44
23421 209 492
30395 515 26
29094 288 357
31610 466 911
27262 204 840
28655 176 85
26066 720 871
6823 595 874
3606 964 233
7591 416 63
10677 12 282
29557 753 467
28151 49 521
28117 699 777
16324 654 197
10475 100 713
26870 924 877
24783 327 866
18683 778 3
4272 599 30
15848 786 979
2586 812 970
32603 667 805
6138 551 418
30393 51 382
5239 287 790
22693 990 958
27064 273 73
29133 531 497
5422 203 275
19799 650 584
16894 153 702
9627 720 27
15002 717 69
32743 167 933
6832 632 577
31366 916 434
8692 774 225
16446 62 833
7538 302 974
22270 204 956
24676 375 481
10103 841 247
1742 32 640
14807 506 298
2885 953 256
18393 204 641
26278 84 341
32488 399 454
19383 491 494
11537 611 100
27100 284 491
10727 996 910
18794 488 549
10419 909 211
6464 360 939
21379 427 473
30889 143 116
9971 1 795
14778 302 827
5315 824 515
6052 189 667
1951 943 359
14775 990 898
3230 85 476
26370 49 848
14176 937 973
22488 938 255
23514 94 902
27046 62 593
1329 419 801
28376 419 98
13097 185 222
14273 903 274
28702 799 257
4798 282 206
20353 378 170
12568 862 16
26945 926 913
27460 789 630
187 277 125
6805 821 582
17914 91 216
30598 312 183
5743 301 279
29459 881 640
24174 66 907
9966 175 598
20238 627 841
2918 180 581
5185 752 433
29534 306 868
9536 994 232
11690 307 889
15767 539 479
26783 897 614
6015 66 279
24524 944 339
12359 574 125
17673 64 712
17907 946 586
3421 360 36
26977 109 16
8051 780 92
656 12 616
9365 159 769
3299 615 169
15965 518 318
12142 115 370
29349 146 474
14774 179 599
3164 591 260
1896 959 570
19266 318 547
28142 43 225
21957 454 916
11511 427 477
18286 689 33
30530 880 934
15260 190 325
6991 853 692
10120 510 728
11209 901 569
1982 4 466
21947 392 239
9366 964 381
26358 840 783
20045 224 67
28981 702 516
15568 897 863
1750 981 484
2140 562 565
21577 953 623
18288 435 522
25992 301 621
5083 471 197
18731 747 435
23481 136 263
2812 943 55
17604 700 672
15893 668 848
22342 207 397
4847 404 952
29574 122 678
20454 963 501
3988 510 307
805 680 676
13489 347 576
31480 608 616
31440 517 642
3561 408 932
9698 692 974
3649 425 875
23525 540 374
31938 870 114
31729 60 510
15533 802 922
15808 89 773
16246 860 640
15961 421 865
26809 226 139
18918 541 939
23364 991 362
23527 160 438
1619 98 406
17977 39 908
13916 171 521
1190 374 117
12017 504 77
17925 193 322
31650 903 666
29962 195 276
17391 957 885
23121 962 977
4772 121 527
7770 38 421
15150 931 878
19811 60 752
26584 685 412
22626 40 596
29161 811 136
13716 728 731
281 249 676
2137 386 563
8666 549 343
27478 510 838
6755 940 965
26896 778 127
21645 48 920
11906 290 747
18126 88 18
24668 350 311
28931 916 277
1766 267 823
20936 133 56
3525 226 803
16266 334 349
11278 374 401
23703 510 524
32366 623 483
32731 51 584
81 219 484
29709 9 275
12871 245 450
28020 407 714
27423 478 686
6796 626 474
24177 787 793
20023 87 765
7817 161 506
573 665 415
6385 221 184
26435 741 197
5137 128 450
29580 85 703
22936 838 570
29714 19 758
19635 29 640
7142 855 466
31794 870 295
31700 691 361
8242 390 406
16566 628 252
12269 509 639
8458 246 928
10151 372 276
4764 325 774
11 768 676
18277 115 198
3912 85 329
7407 888 501
25035 380 857
11232 970 706
23413 5 789
3446 467 297
29587 729 57
19227 481 429
27912 337 189
20577 295 9
22882 306 722
12794 310 99
20700 140 696
15501 387 653
25205 986 627
5246 604 519
9886 741 305
19449 370 452
25656 337 403
18146 515 890
10963 769 805
7298 55 408
30319 152 300
29945 26 701
12330 429 439
13542 127 975
31908 577 239
13255 968 37
5123 448 561
18935 183 243
10451 738 849
18781 635 111
31294 807 141
30 647 621
25427 364 957
18169 39 765
23624 640 243
25875 414 133
17415 239 506
20829 307 312
14179 803 734
7642 512 717
2246 89 64
13167 600 526
26166 158 954
1281 84 311
13575 840 295
5905 579 846
29076 272 919
13591 642 892
18128 963 864
66 67 682
25744 1 628
15215 372 568
11487 152 439
26229 550 652
28608 665 653
28438 243 186
27162 793 968
2097 792 885
26576 686 142
10257 789 872
4660 425 193
21737 358 882
27466 618 868
21211 980 955
2976 783 200
2333 313 792
15268 43 664
7198 146 702
17082 936 286
22705 286 738
5514 357 455
12463 276 246
14899 889 906
17293 773 32
5229 438 648
19919 380 789
9405 389 562
28789 111 410
27979 177 805
7584 211 127
29688 589 215
10793 365 950
3264 62 605
7141 333 401
2203 502 88
23232 334 183
25677 567 976
32510 14 182
28645 959 74
8513 248 462
29415 878 755
24866 845 516
23110 523 661
23938 178 254
21698 814 966
9694 855 104
14153 868 698
20037 809 922
26207 968 764
22477 191 534
8901 922 426
7568 89 570
18131 695 74
31385 596 75
3907 715 962
30540 302 311
17753 37 883
3377 595 166
22961 187 117
1569 618 771
1563 359 58
14411 701 556
12872 805 650
29328 680 685
27196 887 272
25884 164 348
1722 474 703
16465 114 820
1832 290 456
14422 721 395
22944 826 37
9710 448 98
14624 114 409
11618 520 16
13090 442 445
15008 33 298
7424 908 475
19935 320 35
5863 877 954
5737 822 469
32082 300 829
16730 701 674
11070 942 505
16498 356 930
32407 192 198
12622 560 285
32142 133 638
1957 546 629
5844 379 730
15709 745 275
4091 192 496
8590 787 978
7259 403 662
31696 818 179
7257 301 519
11118 637 521
30684 245 598
16972 247 64
14421 53 516
27041 434 812
17835 200 262
13014 956 320
18144 242 192
24881 694 831
29266 847 543
18697 910 660
25311 156 585
10170 594 40
7770 628 556
25494 198 317
12049 625 170
1408 840 616
21845 457 117
1531 291 156
14143 148 410
17870 695 497
25646 744 555
20103 800 787
20138 969 39
20880 449 961
23221 183 301
23693 237 395
6065 702 243
28723 274 101
1125 412 721
8935 808 598
8386 715 871
19132 515 961
25719 504 358
25262 894 654
17026 557 302
3367 271 736
300 185 681
18999 158 517
11071 7 877
16898 876 39
2647 368 870
29776 271 951
17301 819 433
17481 270 599
10024 613 256
17339 395 45
22623 880 240
25474 168 491
30527 223 84
22250 971 924
13792 797 340
5660 755 207
4848 393 994
4092 491 326
8241 301 429
22020 307 922
5843 305 676
27896 944 719
21741 723 213
905 472 238
1679 171 924
11336 697 242
539 17 913
27250 946 685
4839 95 529
31096 347 437
24155 715 686
17756 872 654
3845 278 353
7727 777 147
20052 481 818
23384 465 809
8453 795 604
29549 323 610
17245 526 116
5060 204 815
31172 791 440
3846 125 452
16233 507 989
7273 996 94
8170 445 224
26974 979 905
10807 855 808
32213 383 788
6709 465 714
30566 891 477
25531 771 999
14842 841 770
1287 131 672
29910 898 494
16326 137 576
20744 44 507
24370 144 382
23211 355 610
22269 429 319
18567 914 781
6658 50 821
15843 309 182
22776 432 532
4279 989 192
14475 727 807
4727 571 738
19384 585 672
25643 358 565
2613 80 931
3737 177 572
25677 940 843
32164 44 856
19588 236 395
10799 845 834
25800 856 633
16426 871 529
16428 572 771
30351 716 708
11102 164 334
11633 468 456
32084 664 35
19067 798 185
24286 506 406
18026 819 400
4905 178 376
32351 827 577
25685 695 578
12839 854 822
16038 314 792
13512 663 796
2558 665 919
18163 292 209
17569 466 220
27432 107 641
4975 482 88
20913 343 924
15129 531 154
20168 149 113
4865 189 558
14197 34 675
19903 8 539
4621 642 686
15488 439 366
19808 174 610
18882 769 225
15854 163 854
7443 304 852
704 222 148
31966 652 692
15285 205 228
25709 434 822
14695 329 987
13222 215 398
4853 557 690
11060 193 931
26699 199 348
25361 265 309
6091 387 880
25265 861 476
25694 807 349
18754 577 433
1368 348 496
22969 532 474
27567 303 338
4508 575 446
16509 302 13
730 51 74
20162 157 524
18438 371 162
16088 127 929
26569 726 222
21547 325 379
10106 731 618
19967 223 87
30219 270 213
12913 715 989
4052 665 226
14076 158 705
4322 251 253
15393 835 104
11992 28 692
31240 8 970
5242 555 647
6704 326 645
10371 557 130
7818 591 831
13908 10 852
12437 991 326
19094 342 798
21330 393 458
28402 203 606
2343 6 514
5984 583 777
23313 684 703
22723 790 904
24755 60 942
13259 904 185
284 846 947
12368 962 593
12897 391 918
1193 142 952
4705 433 977
25000 421 406
23880 256 325
1856 928 330
5801 813 824
20232 89 528
16462 290 2
12562 642 975
17935 760 482
15566 890 606
