691
17833 30717 14595
9438 28597 21095
21857 11570 7598
21985 31746 6751
22071 16980 12734
20525 22283 25439
17735 3540 8338
15773 22366 9569
24498 8486 13127
16987 10727 17752
2938 935 16278
20951 28315 27817
18590 30930 2220
29100 16177 1672
1154 9092 31970
2571 8565 15985
7678 31556 20828
8263 12064 568
29369 27084 22784
17289 31536 20322
32396 22080 9790
23782 314 18121
31783 12503 8092
19263 17712 29371
8757 3307 15631
2238 19083 11015
6816 20637 14461
23239 16345 24514
14807 18586 9728
3761 14372 7853
23067 21410 14531
21680 7593 12399
9021 11486 32655
14257 16854 567
341 27942 12386
19472 7314 1367
11610 31438 15525
18551 303 4591
166 7309 28638
9034 22941 31446
26821 3991 22769
21604 26805 12337
17187 10764 16968
19995 15035 23423
16501 2625 6019
29111 22369 6913
15860 26773 22392
746 2798 15304
22205 9412 10156
15088 17502 22736
23030 26883 23180
26449 9368 27376
25225 3146 19476
18819 32515 26762
5012 2697 28832
998 17954 25908
2266 17606 24603
5569 16141 227
27873 5207 7118
2894 27857 13107
28287 25525 22389
26626 288 27362
3578 17550 15976
16516 20964 25245
32277 11826 5120
18198 27520 17325
12186 102 14964
2149 26097 1058
7744 26175 11752
4078 14091 12694
11262 4509 26984
29312 26240 23194
21547 21330 2558
8838 22650 22630
20987 7458 26663
17691 27112 10096
3645 21022 23124
20501 26072 6376
22109 16130 29498
22664 32106 16467
4892 30627 25884
30327 29762 26553
32641 30610 20306
19881 12683 23071
20710 4984 11713
29914 27104 18254
26421 21981 31230
27585 12470 13577
2222 7510 23622
26023 35 12613
28367 2895 7848
12669 15377 5641
4660 23016 32479
18867 29247 31472
16779 21667 3029
25922 10911 14733
13289 17106 461
4262 5099 287
297 25609 9373
12472 18070 11098
19234 32255 31102
10922 19543 10029
30919 14491 2663
5014 9474 12229
16538 28719 6885
3928 12654 30029
29179 3842 31465
14767 21402 10771
1325 14015 32278
26079 16205 25109
2100 22371 7775
61 30945 11308
4819 5306 1828
14965 26627 4938
5714 23696 16906
13932 17025 7047
11738 7968 4414
27906 30601 8686
6787 2155 15084
25897 15843 5969
25191 13429 14344
17674 2051 11655
11359 29085 27841
10796 30482 3039
31279 2957 23351
22235 568 19121
24903 7799 12608
29251 31185 8021
26225 26006 14447
9720 26191 6374
15098 10536 7059
7905 4346 25495
23094 12133 14176
12484 22732 2956
31864 12576 21523
25318 24601 31088
4300 7685 17439
20850 12233 12863
282 17859 2120
25263 13128 4352
31871 4733 21441
8235 31864 3167
29170 13905 11039
25440 8524 29546
22938 20705 28477
17025 19672 13277
30048 29461 365
5489 23537 446
24989 22171 24707
21524 8630 27458
13557 27596 13988
18038 19106 21796
6847 23546 24024
21634 21735 23295
21900 5975 30163
1587 19275 27722
32678 19706 20340
18067 27587 2555
15781 4260 17123
2783 13683 4623
31589 17749 2910
27812 4581 23898
17923 29913 4111
24759 31636 26992
30133 23499 9094
20051 14368 11146
12425 28355 19364
12486 1725 19121
27511 18606 8739
29548 5060 11924
338 7037 25082
10995 10347 24015
20330 13232 20558
20 31249 24992
5646 13411 28594
24395 16035 7718
12073 13551 25311
7731 21499 5576
6052 10809 8241
4751 26195 13150
22631 21825 10631
24614 9760 18977
8708 7575 29788
23040 22506 19355
31341 6588 7215
2213 26886 4871
15947 24727 28053
2665 18997 25316
32722 26248 25231
25585 11672 7336
2845 28098 22773
18030 30588 9170
7293 17641 12817
7746 18915 5331
12095 54 14026
14355 8413 19837
19416 22663 7655
17264 2572 2049
29299 14620 31314
16783 11239 19107
15189 4096 13674
21471 8597 32163
6296 32329 7609
12626 13946 26137
23846 23727 3253
6831 22736 24494
23297 32306 18000
17748 15581 18551
7992 32190 2946
12580 12963 31076
7189 1301 29968
2463 11808 11006
624 10857 7747
23378 1661 6500
12583 3940 32590
24095 2740 27597
3624 10132 9604
10765 19096 8949
24215 17781 19390
12200 26952 28484
23532 5264 16255
3600 2672 6798
25129 19559 4013
12359 32229 31415
14193 31528 18432
18539 17794 31144
10148 6231 2170
6861 32588 29782
3797 28402 10875
25649 12873 21959
942 11203 27990
19865 1679 13403
12061 18388 25195
9570 8565 9926
4326 28734 5436
18597 17646 21365
2283 17364 17901
6422 32109 14434
2883 5205 3378
23252 11251 8821
31103 7204 30364
13035 8712 4873
17836 6848 6848
2681 25552 14135
21488 22892 5295
9136 2182 26596
5591 1740 26288
1322 11255 15058
9898 29530 4176
21841 981 19489
21094 20999 19464
8902 507 25858
31018 1895 13629
14341 2305 20358
16191 5933 1861
18372 10918 20692
32249 13035 19621
19638 16379 14898
1067 7762 16857
12989 31066 5780
29926 23652 28988
6320 22669 32181
2481 13905 13798
316 29100 22259
14727 30722 29087
28301 24477 9555
22580 1908 26171
30660 7998 9084
14833 4981 23791
14432 4257 20884
21835 19300 9870
22818 16348 28728
20918 13562 5544
12064 24418 2831
31584 5714 28667
22773 7130 31391
17695 22947 1729
11094 13812 30839
26508 7526 15804
30074 10412 20930
22698 7910 22282
31498 8948 17381
22960 9831 28202
17564 20934 27575
16582 25448 14017
26858 29700 15207
727 3243 25588
59 950 29763
26061 27402 9077
24763 30852 30921
15819 1857 25501
23995 21887 16590
14402 21044 15903
23813 26770 7331
3573 7261 26939
31951 27703 5506
4427 23649 3966
2553 11331 26787
121 28163 29293
31111 29923 10181
23408 27115 22194
18853 32546 17691
19346 19447 30877
28056 20625 2521
32661 8472 15900
1371 11241 32205
18474 14052 6007
27882 20151 27601
21045 5732 4724
30814 23678 16885
8637 16586 7081
18791 4555 23990
31968 15 22571
24527 14895 13208
22638 30380 30172
10754 31267 32505
8183 16617 23298
15318 23089 4619
29034 16250 19954
16645 13070 18204
10405 22109 5099
3603 12887 19397
29053 23612 12928
11678 15922 21404
5920 30140 287
16710 4622 873
32241 30079 8333
21676 6439 26401
12577 25803 19583
9789 23457 21518
16302 25092 24460
15558 22868 1512
23712 22926 23599
12798 31145 24785
25743 4775 28056
14732 23050 23407
7892 27989 10608
26933 19669 31645
23298 20365 30702
29234 22750 21858
31594 28423 31166
9440 3547 28472
9186 12944 7087
3913 7243 8133
12292 8367 22058
7224 24510 14481
22168 2799 27350
7119 135 28259
2036 11332 23801
24545 3649 15176
13168 5681 29046
25977 1701 16246
17466 23484 18812
12885 13482 15742
24632 14937 14137
26688 16875 918
21434 24658 20017
27021 18619 14046
11038 11600 30997
4393 16245 22247
22465 13590 7451
17905 17901 16108
28619 13710 5967
25688 17418 14205
12474 26806 14942
27266 29935 9868
31419 28683 29621
21079 31806 25874
3884 23179 29982
25157 2910 2261
1759 18277 15383
18595 31432 21996
17655 14054 8856
24306 8133 24342
12661 2129 23814
18807 8485 27912
21198 16028 30592
7389 11735 25641
37 16199 6352
5853 20077 23946
28151 9679 7069
6180 9962 21239
21856 19304 32442
15601 28788 26473
31298 5630 21411
32537 19127 19532
28405 21170 16000
1911 21284 22869
13383 8015 23888
3569 17488 28636
19188 871 5129
11935 18969 1004
2019 9499 22985
16302 18273 29844
3783 20154 18286
18199 4221 2589
20212 4538 25142
73 10666 19493
19597 2235 32046
16721 31525 15067
29779 23952 8859
19492 13500 7630
17081 6532 21162
1046 22765 24582
14098 13656 5881
26798 11251 9321
29163 11172 742
28235 7504 11926
2551 19375 18085
8791 17075 15288
9486 972 3970
19458 12619 17416
19255 8675 6631
15286 32486 10480
18354 28087 10741
2755 1650 23821
20598 21500 9686
31224 17332 27270
9899 27230 22796
14620 18514 12656
767 13323 2674
31371 133 6969
30442 2908 5795
7526 18442 8520
2111 16562 16130
15883 16436 13407
16026 10143 24994
28633 32292 8031
12935 17139 26799
5228 5268 15220
31870 21840 57
978 16057 1249
13827 7997 5985
22120 6695 9951
10633 21763 28255
27747 31684 14920
24052 9652 1242
6187 4124 1543
28863 23074 13447
26651 12741 24967
15925 28095 12816
16701 16522 14486
14666 23702 8868
8215 23193 28020
7404 2263 32462
13743 13547 16651
24288 24503 11104
1608 664 21115
4239 6286 6029
31881 29403 32389
13395 23158 23447
24326 23536 15488
3610 5085 21903
3954 15633 22990
11385 11464 10778
16854 27712 30228
25486 18354 27965
16288 5277 12710
17725 20053 7073
7543 12408 27867
23212 24249 1731
23554 30307 4689
4358 8801 30480
2866 21231 32573
32754 31850 7400
1196 4312 1122
31303 7417 1518
32097 20421 32587
18902 14163 15922
22402 28154 32457
7527 9570 7457
5440 9083 5875
7233 32422 3130
25127 19860 18458
21714 25022 27118
11252 24528 31079
25678 14085 5451
1320 11187 21280
21343 22527 16177
23256 17118 3530
18499 6796 25665
13412 12131 25249
26853 4113 24280
3855 11380 32540
10192 10271 25248
16574 32174 115
19736 9026 31653
29766 3508 23911
26758 11765 26867
5894 11478 5054
3240 25844 28452
17096 12016 15402
19097 15204 6503
8227 21457 8851
29852 4230 24553
15560 26562 31237
16858 1519 24744
11909 29189 2733
6123 10367 21519
26346 9578 7590
3822 3469 14586
9418 11076 15750
19291 29436 27628
18450 23403 29683
5331 3130 2970
16814 5130 19357
13214 16219 16665
15472 14952 23416
9877 31939 19542
15672 2549 19206
16810 24872 9633
10187 18747 26898
18764 17614 11114
8993 21636 25906
14680 3143 16263
4877 15446 20956
9817 20007 31133
5768 2579 6143
7744 32354 15486
271 10078 18009
10720 6993 6812
27348 29974 30210
8914 8597 6627
1702 25861 10979
2440 9036 8598
15848 30101 29203
30136 5208 15614
29165 20775 22867
12145 163 29720
32653 6887 538
2411 17068 22394
3284 12584 22513
17782 16313 3881
4635 29106 9496
12820 31880 21537
18153 26253 12702
23716 22613 19113
28777 16930 6264
13733 13701 18395
21093 18392 23359
27897 7786 14054
1271 14952 18582
10807 22985 8936
121 15271 21100
10593 13867 28799
7769 16758 18576
16037 25648 7772
26841 29199 24920
25581 22350 1661
11494 28152 23883
18792 8641 8668
10377 22581 13315
32341 27551 20143
13730 23957 26569
14772 20047 7575
17383 8750 10910
8880 21705 17478
9832 26727 15017
18132 30318 5254
30713 1817 5438
16497 25952 19632
30555 27831 9983
31170 19096 21223
1784 2938 17605
2469 22833 32440
17805 12028 19541
27914 20383 3318
19484 30168 7436
27754 22733 18398
21232 2582 30721
24287 6229 25069
8873 18840 5204
17586 21586 3060
6013 27590 8104
29054 29818 32575
27705 25627 19438
16953 16764 6905
20387 22897 17170
13763 16613 24592
16971 6167 11817
16068 2284 6457
13299 30997 16688
23561 17654 25847
7948 25394 15740
155 11959 13733
17928 23179 27754
10054 18746 16374
2405 6628 244
9544 562 19055
24251 31998 27181
32357 21344 28857
4164 9614 14815
12433 24828 17385
27015 19627 10676
14310 13147 19726
8494 12501 20153
31666 22859 27039
31033 5338 32278
31668 19928 20900
1540 24132 5974
223 14203 26034
8668 8732 10128
22342 20450 14088
5653 25890 30288
16121 19155 9847
17379 4294 22548
24568 14291 1756
26213 12431 27571
12686 28057 30287
13464 941 32529
32683 24445 11609
1339 23781 3302
6422 7257 26057
28612 16163 26756
18330 29593 17159
3312 12109 3548
3948 10353 25589
16031 25648 31550
25983 1135 2746
6646 25503 18300
9354 20960 8458
32762 18452 8823
5862 7110 24527
28710 27774 26445
32649 21584 5947
32170 9213 11923
14032 1038 4263
23374 436 13413
16343 13152 21973
31542 6405 14643
16779 11467 24932
5882 6346 5523
6841 21046 27293
27076 17518 22655
27343 22596 13026
18817 9195 17610
28932 8773 1384
27969 24608 11698
8733 32365 2553
24147 13051 23504
22807 30042 12794
7887 11106 6885
8532 4369 29424
19329 21234 9768
22812 16108 17443
14451 6104 11296
24980 3394 32068
3724 18301 25660
19839 20645 21016
5630 30396 32669
4695 1541 19353
27762 31446 27598
14253 24107 22799
14139 8800 14687
28365 5177 29696
16630 16355 20896
28945 21555 26653
12123 24548 19955
3447 22472 11371
26927 17037 2145
32331 20168 27987
11677 30003 12420
1542 30225 32620
5459 16994 8411
32434 15064 278
2880 12099 12324
2421 16788 1333
3525 29550 5978
29708 28415 19390
2733 21644 4185
18532 30431 23756
14172 8533 23135
24204 18327 24946
13280 16328 10470
17335 15031 24974
25332 28853 30341
26892 4607 12354
31255 7917 6363
25455 17802 22758
13370 23226 5043
8587 21290 23685
5822 4712 22751
28615 26644 5197
11187 16130 12163
31209 13675 10101
17817 10394 14524
18578 21840 17284
8206 10162 16625
3297 10623 15368
20018 29079 5163
30419 23969 29456
