799
12083 30411 22252
22139 27107 25502
23561 32164 1320
17104 432 16438
11044 28426 27835
20783 7724 20317
7617 19803 27688
19742 24472 32715
28989 23540 32536
19075 28074 18479
12322 1907 13040
16219 17377 30121
11318 18197 5200
1732 17899 5662
18685 8364 30893
942 22796 10112
31594 267 28286
25552 24773 20825
3764 6413 9147
29620 11310 24637
26502 29564 1433
6899 28353 4848
30217 4735 3534
1023 6787 5986
7285 9050 28862
13573 10957 27086
21290 19882 32096
2001 30258 12962
5258 24411 19134
3264 17186 20471
27133 10511 6236
2329 28257 32192
8430 22194 24043
31590 17266 7170
2472 32358 15372
28845 1660 29864
31564 5138 8990
2963 27734 10968
32612 31289 26176
31433 10433 15310
19643 6372 24588
20063 9206 15789
27778 18880 7103
13256 8207 25287
21996 5318 28873
11959 27641 18495
19389 15103 30706
31009 1263 19749
9363 30023 2204
24317 2223 11086
12738 11038 20942
15012 27107 23958
538 18913 30213
15581 17788 5979
5373 24328 8706
30708 21229 16191
1924 14391 13836
18289 647 5028
10405 8774 5729
13895 17507 26966
670 31888 25291
920 30627 25950
5898 18461 32401
27229 29937 14590
6252 12946 18750
27283 22653 21300
10013 27365 32244
4798 28398 15718
20690 25154 12873
16096 17926 256
6463 1452 11990
32311 11491 4644
30593 3387 11018
25434 14627 24520
18254 17419 8920
31382 32089 25550
32292 14381 22624
4241 21139 28155
21485 9286 27804
26532 14818 31450
19403 11417 8635
1127 15392 17388
29971 18346 7858
27235 7529 26807
9623 28363 16165
2027 1800 10382
9686 3363 27585
15496 17854 13099
7335 9239 30352
26490 13229 10865
19320 21020 21496
21563 11356 6639
11586 25943 5218
14610 20092 30973
6578 30107 2999
24589 8829 21128
31556 14755 27454
3321 19994 31212
16959 31132 1913
21305 7263 22120
22477 13650 26388
25742 7893 22285
15276 24236 22788
32287 22488 8004
31784 31025 32618
2926 1865 55
11102 5577 18900
28413 10775 28087
9721 3586 5356
11978 21073 23946
16099 9337 24260
5871 188 30232
170 22584 1586
20231 27184 11756
125 22313 12541
28457 25115 3991
2070 8176 2000
26518 20735 19907
29420 7623 18468
6770 30924 16798
20599 26930 2979
26901 8793 25071
123 28322 25022
16099 30326 19302
24460 6248 17242
24999 2629 8970
2380 19328 20966
5089 23004 471
783 7966 2626
28560 23907 17635
7399 17664 26930
24664 25640 8101
20566 11515 16982
23060 15962 13879
11009 6194 3042
25913 18806 25511
14662 8447 28806
27792 31873 13489
14217 17012 26186
28725 26787 6522
25216 14078 9286
28633 6091 28964
24056 10127 27265
4794 5719 26710
9926 11612 30298
24020 5624 16391
12249 9746 842
14637 18256 1071
29614 24329 10976
11094 5369 4657
14998 13805 10305
7786 9712 7439
27530 3519 17053
17469 18082 12757
16517 27984 16202
22393 24329 10418
30870 22651 1932
5582 16791 32703
28978 1989 30519
29585 12775 25187
15715 6713 24740
17233 21360 11471
11501 19340 1975
27729 3999 7445
3715 11507 30952
24811 16430 11190
8087 26934 646
25148 21910 17349
24949 19675 1460
20666 6882 22256
16040 12676 8658
24950 28499 9230
23763 6103 14406
7734 9114 1793
30340 15745 16363
10941 27529 24333
30137 25916 9867
29639 22159 5363
4863 25821 25646
15530 20575 7287
18040 29135 14123
1698 6284 1295
12078 7820 4403
6440 15106 23543
2683 7160 23766
5352 11425 21978
14447 10143 16436
819 5741 204
27512 11336 11472
20992 24329 12115
20666 3170 13760
12501 30070 29603
3034 26157 7354
23860 4439 28266
7209 28598 7073
11614 23580 30386
31342 23795 29602
7818 5095 18627
17862 11439 3082
26594 1040 2069
31565 18686 14926
9700 30852 1195
18323 11889 31236
10744 26753 28268
21001 22854 14020
26715 19029 346
16863 6726 8986
29360 9515 19380
31002 15634 16156
30679 22285 2922
28103 10244 30275
29141 29857 21094
29322 25080 28554
4338 30034 14743
30474 17565 7183
8035 23002 30925
7647 8724 4006
6926 29805 19896
18705 23303 3093
11083 16634 18092
16201 24199 13053
30389 8499 22013
6973 24398 23451
16741 9057 6416
9228 16947 24797
13872 3122 2667
18547 30710 12679
23989 31481 30833
4143 10420 20316
7274 32031 8852
15845 24982 2949
11490 4283 23823
24932 26017 32170
32261 16255 8090
3362 26801 16505
13555 29315 32139
4922 26627 14743
24765 13461 18021
28000 5591 27687
16971 7189 964
4226 30229 23655
29949 22155 17955
14344 26620 12320
21735 8046 17396
32254 32062 19157
17855 6370 18176
11395 14616 30191
2517 22607 21002
27216 12875 1124
15016 21022 23846
1859 10495 7812
15608 30471 4425
3873 32241 19949
18532 6829 7159
14355 10882 19168
24313 28288 6689
3983 29057 17253
27454 19737 17801
17314 3781 10753
15248 4492 4685
24540 16365 23790
18434 4974 21090
7246 10978 30736
11252 27505 21293
16980 30458 13089
3862 11756 19829
32301 29631 6856
29087 8114 31332
1407 29895 3737
32215 24304 16475
6753 11308 1833
13639 23838 16565
28552 21885 3778
6705 10271 11221
7580 320 23645
26136 12318 13082
747 21847 29667
1153 17621 18562
24049 12532 24554
30006 16443 10790
2149 25301 22634
31662 3533 3036
15324 5888 18201
10609 17645 7068
2584 23868 25974
28549 12816 11640
660 15349 31142
1866 15787 8783
11261 15185 20138
15701 28962 10366
21392 17051 14760
2342 14639 22587
3471 5717 8495
29387 17003 30054
26967 20364 23745
9168 14344 24292
8373 21827 12810
13071 5602 30708
15756 18193 650
21301 30309 12783
8687 29768 14240
6686 6656 23925
24120 32060 29752
11098 10528 8190
7620 9347 23174
14954 13028 26426
32345 13382 6547
10656 31241 1488
12138 16381 18830
4271 3778 23893
3499 1322 12057
16956 20340 10136
25783 19946 7438
2583 912 9618
25526 3713 10605
26096 11012 17564
29511 4898 5489
30865 8691 15032
18968 1440 29189
31758 11193 16657
10990 27354 259
4462 10599 1
29203 1519 26899
3247 32568 566
20831 25510 21753
21052 18862 11478
8537 14988 22707
5934 20057 22703
21277 23731 17855
26599 23930 19663
8726 15904 17749
20715 28918 5411
30114 8000 27269
29709 2653 4073
16958 19711 18285
18493 29937 8984
30414 12381 14347
19616 29167 26377
28184 9606 23129
10168 17542 17933
17810 22247 24236
4546 24641 10417
12811 12977 19602
5536 30675 21720
16348 4547 22441
13788 9090 14848
12199 23803 15639
27564 7588 3906
8645 31321 11702
21504 30959 30703
20982 7546 21013
17151 1923 27104
4600 20307 19658
28800 15103 23754
19716 12090 5338
4195 25855 27700
30565 9111 25890
32719 15567 7660
13484 31449 7931
19655 14908 32004
1062 28033 11670
20374 32459 15806
13988 6243 1219
26106 32187 14584
8625 29285 4384
11802 10397 19953
17355 879 10463
29609 26986 12154
10815 19012 5033
27597 29786 24058
13489 23929 25928
27798 19182 8650
7035 30669 31254
4913 30442 20942
13671 23170 13679
22554 24368 8287
11886 20630 402
29428 29112 7390
1160 13286 19887
14301 1317 8837
170 12699 12829
22089 6555 7509
20871 15740 19439
9683 21473 29748
15029 15350 6229
1924 32515 5009
17978 30963 28053
25209 24542 5677
24504 5600 29315
30969 870 29150
1959 17259 30387
20305 15241 27739
12904 27623 7400
12310 2029 121
14862 31058 13932
4507 32525 22120
23347 11889 18761
20157 16730 4548
21558 11393 21670
22868 25443 3741
15278 18288 19896
22246 23868 17093
19964 18583 21750
2164 15513 27390
6974 17511 5796
1141 25686 996
30232 16788 31432
13922 24418 23717
6405 12444 2083
22872 1612 26085
31537 10425 31437
19387 15839 18782
3855 7070 23166
14309 14991 26403
29731 17310 9642
12868 18347 7044
21180 2042 15869
10098 25226 15630
29583 403 30685
21803 22828 9243
32368 15929 20980
7988 22796 21990
29348 27451 15090
28037 17943 11053
12409 16412 15117
29532 6904 3768
7980 26727 9190
22276 19268 19048
27456 22554 25815
16495 29995 22937
22745 30768 6875
26872 29620 28152
691 282 14991
28902 25518 20514
27088 14167 6141
3976 15583 6050
17138 8813 25389
14598 3612 28203
18038 20704 16820
8497 1603 16417
15415 23566 19634
9472 3413 28875
24697 13548 14346
11390 6185 29381
24587 24348 4784
5451 26211 5519
22818 12759 14686
14856 19897 32585
23462 3735 3098
17729 26284 13817
7897 19346 3145
16049 11840 24051
23462 25690 3148
14328 19801 31547
16889 27969 23248
14876 447 8690
9459 22104 9053
10082 28165 9780
3285 20760 27339
15727 11448 5619
12017 14362 27043
20904 14505 10154
11018 14962 24469
22092 24372 24324
10983 21624 8839
16579 21191 1225
27654 24114 28917
6668 25368 16813
9391 15255 17035
26715 11733 17372
27864 5470 17227
19773 5545 25932
10399 290 9368
13795 18155 23881
13626 13816 19709
25438 22620 12721
6838 26316 31372
28404 31664 27858
5084 11807 29987
21209 1250 8954
11018 12037 17667
31210 8321 7946
17906 15719 22386
31041 12403 12207
4976 5115 24165
27836 17379 5909
13823 26740 22886
3020 19034 7457
2669 7891 25903
32288 19243 18595
24035 733 31923
20499 25024 24063
5981 23336 4486
13535 21611 558
6178 27455 6892
6407 7869 22329
13281 8900 16888
29045 2463 9074
27766 21919 30324
17462 15004 10008
26253 32157 19348
11756 20759 15405
9112 16389 19621
13120 877 19102
17106 21010 22829
4090 1831 3864
11850 27989 21823
32147 14032 15643
31272 24934 26090
10584 11533 13604
11176 623 23314
22126 16383 28176
27264 19580 7954
612 14626 23801
6831 8586 23023
25364 9501 10567
21992 7380 14613
19193 29764 25259
782 8141 19915
32079 12222 19762
12160 3525 989
19854 4226 15294
8492 12591 7988
7719 7350 27524
10652 4604 19029
141 25865 29533
24953 9872 22777
27875 24357 12302
28985 20788 18746
20981 31566 13013
14072 6679 4884
11840 17090 10715
17061 6711 18721
2354 22908 4695
6412 9677 16091
4080 31079 21134
17257 1300 10185
23356 13856 11758
13442 122 16486
3157 24541 28666
19834 16801 23714
3310 274 15038
7135 7359 323
25215 1512 11266
6048 20020 17565
16296 28070 6270
747 9844 26712
24162 17814 32435
26406 4765 16693
17447 27155 6967
20862 31300 25367
27995 30147 18079
14018 7014 30397
4003 12323 2366
6537 29573 27624
15077 1008 11131
32454 29006 13803
12073 23324 2415
15462 11356 14803
20887 325 9979
2696 18690 23717
21819 12013 32171
19300 3089 1388
31841 28387 20461
1806 1821 14858
23973 31900 1427
28557 16303 3844
25607 21870 17300
14077 21602 16836
25505 20462 9605
25786 30944 21004
9437 29658 18759
30659 15927 6796
17966 21080 19926
21465 3847 4556
22723 4469 3145
1027 8037 21501
13997 3878 15953
6269 24221 11077
20835 16181 2025
8001 19726 20381
11709 1257 496
15782 720 22627
32426 5187 477
5838 17390 10536
25175 12325 32474
15825 17753 20582
15748 12743 11996
17396 20950 10783
7980 31546 22172
21059 24733 29074
2779 6645 23929
31589 30564 5264
4670 16275 4778
23953 28678 24597
22225 9815 17223
5601 32263 20775
29372 17421 22807
15731 10915 17976
29755 10588 18473
32294 32306 19573
6435 25770 9619
4042 17406 8649
24673 1825 27641
28700 20959 3967
26001 20342 17062
14062 3901 19143
24308 20862 8796
21824 12103 24458
4204 696 32555
10556 16508 8015
9808 13139 16612
27217 26591 28964
16691 30813 23566
22495 26729 198
6131 14100 23399
6713 1941 31350
1955 10912 11849
14558 1568 3655
16700 13459 10910
14909 20556 12488
4878 24062 28956
16486 19272 18510
8295 29196 22784
4968 19860 32084
17398 23640 17547
21849 28270 2470
27080 17526 20960
25908 31917 30032
29680 3433 21533
3350 10144 399
18758 15111 28357
19834 17598 24885
4024 6251 8658
14985 13133 6964
23579 8712 7945
16796 15186 24404
24463 31492 29028
7286 30556 32331
24265 26842 26036
1264 28946 28059
6620 16758 20418
14082 9866 5389
19295 14153 18842
18542 17097 26276
7170 19463 29386
9346 32264 17240
25581 15887 5043
24477 27284 15870
25983 19885 27973
27015 31060 15138
25925 3755 30649
14010 19816 1983
12614 28669 29479
6184 6231 6688
24051 1636 776
30250 16585 5962
18781 18517 10759
20114 5056 15543
25982 6295 28081
32545 17608 16732
28857 2632 16859
23757 7071 29218
12255 1096 10719
11667 28221 3420
32600 9033 20985
7633 31813 32229
14657 16616 19822
2907 32070 25059
3232 11163 13898
20424 17754 4721
1530 11875 12745
24745 23551 30858
17398 22648 26832
30629 20287 12567
13002 21613 26116
19889 386 9459
16290 23423 4954
7140 15013 6962
20818 15628 20281
22929 29985 15130
1506 23395 21893
25251 18029 16527
19671 13929 4903
8834 28130 8412
1100 29137 31477
24289 6082 22303
21303 2003 10503
6978 19003 22215
9577 23201 7636
6421 20597 2016
32299 26132 11441
448 23566 1060
23694 16448 29067
7922 3992 23817
14526 13047 20464
31496 17639 21058
17404 20829 12735
9848 14429 23924
7437 21529 1569
113 24180 8964
10554 3026 29071
4158 6959 335
17984 11503 17938
2565 27460 28333
9138 26836 18187
21757 23825 27654
21191 2071 32281
8753 3012 21738
4490 22110 3831
10848 14647 5994
4825 31715 5746
20141 13174 11552
5829 10714 17600
27403 30947 23590
7978 5667 7645
31405 6770 8695
31385 30737 10942
3561 15745 868
21483 23346 31864
20040 26402 9254
32530 32340 16044
14521 30980 19898
27655 25667 18649
7975 3129 16512
3815 2283 13924
14811 12418 7002
14491 10476 7023
26226 5876 9535
23963 702 222
30039 25869 8569
12469 16370 31770
26615 27028 25231
21976 6721 1899
4398 16085 22784
21841 9047 17928
30364 7707 12893
29191 10148 11053
27876 22139 4721
9616 17313 7633
518 3397 21345
23347 16443 15065
12365 14519 23323
7994 30316 21974
22922 13769 17257
27167 9003 23728
32151 44 8064
1910 3122 23766
20563 32721 25832
26277 27477 10427
4759 8586 14086
30663 6489 4817
11988 6326 23486
8529 12935 28485
25944 17894 17628
27466 15997 8225
7536 25343 11592
17213 4576 26526
2017 20309 6703
18478 31742 10965
29800 13980 28586
28719 11140 17165
24390 25551 1421
8563 23757 1616
7428 27998 5212
5872 10625 24598
31217 6721 15257
11494 1138 14626
28676 30650 6642
3054 24063 6637
4401 9715 17648
10588 27745 29990
15689 30143 12592
18964 28846 28729
514 7196 7514
12589 23678 24028
26815 4180 8525
30185 17772 780
18718 12227 28724
13555 27374 14600
18573 3765 30598
32487 2102 7970
20037 32728 7709
6788 3871 25994
12415 25647 19942
31517 2641 22105
2760 21394 30687
15404 5146 13440
22195 12826 13652
6408 23736 24689
22364 24842 23199
17455 30215 153
32130 31255 3805
17325 21447 16388
27932 31256 6472
8318 30464 8124
3760 31883 24642
21754 24616 26567
26078 15214 24372
