946
4241 15099 23758
27543 7202 1722
22906 21522 19569
10448 2414 29647
1965 11265 21617
15176 17659 4395
17651 9213 3435
7281 12449 1721
2346 32152 20278
10006 27898 22449
13204 6211 23520
27641 23315 24325
4380 27645 18201
29948 26206 14082
21739 4392 2615
1699 18370 22956
31438 20156 14626
25297 6356 21639
25447 8013 26298
16645 31393 9670
18465 12960 1953
28562 21906 4622
31060 29889 6255
11896 24656 18781
17193 25820 2221
8176 14772 22192
26134 21831 32312
29640 1567 26998
22026 23417 31961
2588 15066 22783
32677 4584 27694
32540 8773 8540
13583 9986 27193
13521 14849 22131
11336 23484 25401
20775 26717 29999
14091 22894 6036
5539 14498 25622
8341 31220 7923
17295 26145 11181
30707 3661 9194
14982 3080 17518
3496 12075 5566
30877 25705 6975
8636 54 30248
27297 10998 28330
15266 23022 18212
24614 2149 13895
30578 22383 298
19028 29049 13073
19556 7304 29806
32184 12569 25255
32409 7646 6129
20102 30473 10406
8845 6163 8071
23560 19737 26772
25288 1071 20005
2868 21223 20511
10416 1723 27666
22939 9350 1181
28547 25670 8397
10550 27313 6152
29914 16724 16072
15027 21321 26870
15447 11495 25420
3923 10057 11827
1091 31774 14103
11388 28557 14857
26428 8867 11422
2696 11240 19042
2898 18135 24312
9591 6273 21054
31014 8709 16596
404 27517 24119
5591 7170 11537
20262 26959 22793
20716 20221 13005
32710 14411 22107
29571 2933 13579
25848 3159 31029
12382 23948 14902
8970 10690 22764
11435 19496 8756
13430 27312 17007
18336 24496 31172
14642 29853 11564
31549 16700 22615
10927 13280 533
23244 17553 12719
6273 4412 14439
1026 15946 22234
6880 14809 7999
24008 29933 6769
32637 19522 15397
19477 5869 14874
10855 23863 17934
8804 14529 25535
2037 7538 16784
9891 17810 30467
3561 1464 28212
29879 21048 5064
31055 24774 24103
5860 13694 11506
962 25339 2244
16826 31192 17068
1559 19921 15780
25177 31775 10702
14252 29053 24891
9253 10218 28223
16581 18774 7466
20295 3479 31844
31667 32720 32205
29577 22313 25086
21453 27944 9138
19314 14469 12547
600 12317 2804
12718 11439 28497
18668 25156 17335
30494 29974 5208
1539 12763 7734
29230 12571 29187
27568 26923 4640
20547 21324 6283
2478 12240 23606
6226 1798 23806
4937 11397 15981
31247 5260 14489
7887 11848 19965
1836 19112 19275
24462 14835 6181
23712 15470 30196
23686 21909 29065
8181 1734 20808
13650 15668 19838
6402 9408 19544
29703 25798 20886
10920 27358 2602
1512 22907 20301
3430 24795 14319
3656 18603 12460
1246 11926 7606
11764 15630 1585
26020 31786 10664
24302 4872 4969
13036 20064 14907
30579 19234 17658
29683 24567 1492
6261 19991 13839
12090 3441 16082
2829 30710 9311
19943 27767 2306
11678 26692 14672
5094 26852 4569
23705 13102 13280
27050 4376 12059
3102 13347 4696
31385 26666 24492
24305 31857 11256
14206 28681 30912
15491 14517 2587
11944 30389 15782
2808 32325 3463
29554 22795 10978
4969 19932 22496
3437 13028 27991
1512 19241 23166
11107 10102 25763
24542 16666 8974
12519 24112 15366
29407 6387 21451
13622 20366 10092
17169 32401 30773
16528 23191 14954
15276 5740 26759
4436 9991 11599
7490 31287 32095
1150 24905 18595
23766 14121 16989
30053 13525 10654
15333 21848 29080
5821 24209 12926
237 4524 6973
31567 5176 20428
13592 31825 17339
20203 7941 22505
30484 11195 18497
12401 14087 15490
7238 14474 19582
17428 14832 7604
20686 20735 9695
284 4924 7429
31772 29364 30656
207 25855 8841
13065 20447 20816
15442 1984 12487
16812 8516 26897
17816 7466 29742
9832 14494 23359
11201 1144 330
1247 7983 26498
30064 20709 16633
29396 31411 24501
31745 16784 27709
23072 26343 7342
2227 30600 16786
21060 31847 12100
28941 4613 23504
6469 28053 29448
8760 16890 22256
1740 2229 30066
8960 7544 18778
17857 6807 8039
8878 20644 6285
8163 12125 2152
16144 3377 26158
1031 5948 8655
22069 6805 20203
31481 29514 19930
2255 30833 1722
18497 29374 18816
6204 29169 5708
19256 25382 24889
6047 7165 11232
10801 22143 2116
2457 20894 9645
13465 30778 26391
3190 10471 18072
2662 18055 8436
13550 24625 30211
17963 22410 14810
15315 13982 4550
29859 10814 32075
15674 21526 17849
24478 20784 23460
2048 9272 7768
27532 6501 14063
29374 9470 13416
19990 14840 22912
26505 29950 28068
2450 10586 8124
27154 13965 29400
11309 31549 3025
21499 29752 13824
8991 13964 21843
29062 26692 17207
20809 29955 24568
7393 11322 11681
22021 26172 11235
190 13996 17816
23583 3668 5956
23292 31918 30648
12836 23669 31798
32392 22979 19630
9351 4062 10014
32705 23587 4042
26458 25165 8446
30976 3243 14025
8322 9421 9844
15639 4310 20304
9392 30812 12128
11238 27280 1808
2185 7654 29797
16721 27840 27023
5313 4477 14017
28990 3289 15103
18199 21220 1070
873 22751 31160
9069 29124 5072
30761 22163 6179
32632 15895 31316
7039 15304 32578
30910 28094 8915
24067 6426 28181
14291 11834 1811
25488 1901 25735
21786 1519 23862
1469 32264 2228
29301 10899 10757
23674 31275 27549
15017 6792 11856
18811 25186 20134
16992 25937 19222
4912 24342 7543
4105 13160 2935
25201 3840 18448
10003 22561 21671
569 22920 5947
10288 6230 6983
8954 31293 2452
15259 26385 15104
11118 2023 20965
23456 13691 30767
24313 32479 16267
1241 9641 7419
26099 2485 16412
7889 2085 23100
7796 13384 21892
27413 6727 27117
7286 13534 24147
16859 4026 13352
30317 21470 30204
10947 7099 14552
30630 1597 4387
17763 32506 4005
9219 22455 24158
18580 9507 15567
12534 6511 28136
28871 10616 13542
17866 16009 17212
21696 15367 680
2451 13275 18841
5516 26970 26990
20326 8400 16591
2450 17592 25576
8611 12033 10732
11271 31056 21021
4974 831 5036
4404 24805 23275
11198 19970 29866
13642 32465 17527
32639 4716 5576
32443 13438 9298
14513 19056 31055
3665 16541 4919
26270 13239 15278
18037 11468 22961
6001 9303 12517
8300 17774 8723
30163 6011 3582
16753 9681 29049
1373 395 20514
6895 22272 19664
12034 14455 23337
2127 2525 20514
10936 10291 1983
8728 9540 28041
1548 29822 7530
12618 18289 22173
8037 24725 3866
8000 1503 3644
31781 10845 20743
15746 14679 6648
29668 18979 21774
7749 3049 4501
21879 2317 14025
16782 23809 12370
31373 28614 29458
25654 29667 24318
17656 31769 16057
5441 29474 16130
19722 10090 16016
11072 8184 24038
10888 24913 5916
5819 26251 13826
18970 2249 5255
12248 8312 19536
16206 29615 7088
19635 5447 25761
1923 1916 15203
31529 1169 15519
19539 6024 8487
29699 22521 21352
29784 31806 30492
5824 28495 18081
18271 29687 22755
17524 25460 3916
10092 10626 11149
5493 11477 14297
29203 1414 18675
30923 24731 21013
5653 1848 10518
7580 17373 20240
22343 5662 5198
26131 22139 13326
12069 25051 32628
24684 16237 20253
17062 17969 3918
11820 17062 21229
5670 6334 29407
10927 11483 29939
3719 4901 23663
22931 31697 6660
31444 1943 28516
31402 2562 7404
25613 1795 3400
25715 15024 6057
18655 26444 5765
18255 8133 9044
18816 32095 968
2796 25873 3042
11233 12797 17166
25761 1220 19513
6894 10633 4021
24739 30519 7252
9117 22097 7993
12646 17501 15984
18685 18933 1122
32650 10105 22893
9338 17924 10501
31251 26086 24043
31251 13544 17072
23024 8218 208
63 11184 16595
15603 20520 4409
27048 10852 29511
31690 27498 10497
4879 21467 7746
15258 17694 15965
8682 5973 27924
18243 28188 16976
28838 5441 18251
1417 29166 2772
27538 13819 1029
30850 3050 6410
3540 17507 26015
26657 20263 10976
4101 14234 15363
31931 21095 17630
8762 32336 5696
28621 19772 19482
18861 25440 7216
26744 17955 12684
15940 22193 3933
26218 2369 26422
32409 22166 7778
6440 11780 11477
20838 13594 14451
31482 1508 1304
8531 21002 30431
19944 30947 9630
7322 28047 4257
32393 9389 17176
21505 16571 12377
17296 6501 2149
19737 24661 32586
25182 23417 8849
10687 25542 22571
8193 29724 25833
15192 11515 27376
25445 25140 28591
8763 20368 14037
14509 15326 18708
2629 17575 12879
3804 21718 19320
15249 9780 20661
102 22628 32043
8898 26532 25529
3132 1439 9499
13928 15150 11015
10347 13093 3385
18274 23084 20145
22634 31638 11897
26701 3145 4383
16559 1652 19384
15458 23666 19401
24094 22846 6129
14415 15301 21989
25451 2776 14721
16362 12787 22208
6035 10139 8048
8666 30668 19856
14311 7851 32502
20100 17405 22230
9583 16740 16055
23000 31511 31654
22661 17397 25196
28636 11135 12658
1780 23177 1262
29189 4828 12595
26638 4234 26590
1977 11794 759
24424 24551 26473
5778 22010 5960
25152 27746 1487
26427 31304 6627
29889 11081 5561
16894 31079 25014
29591 14903 7040
6742 12084 4137
21396 18338 7414
815 28120 9739
25690 18021 5203
11663 31545 7887
17471 16777 26186
12759 12978 4813
25321 6141 25725
26612 24086 1994
32084 16373 23745
11525 2608 758
14661 42 19186
13665 23090 12824
16201 24889 17999
10 31445 10671
14815 968 1165
15600 8484 21535
17758 6210 7202
2446 18964 21071
28581 31554 23678
24512 1925 18501
14285 1550 28201
242 23614 28821
23882 1196 17913
7147 19449 26575
2872 2927 7652
30183 9643 32037
22485 9248 27420
4033 32123 2046
31055 3841 31853
9806 6444 23104
18540 11869 23839
6473 3304 30055
32448 13161 6086
18002 16303 15560
24929 22940 20930
19960 21967 2451
2659 31183 17253
5828 25907 21874
4733 4277 6644
18099 10870 14039
18853 3229 10237
26038 1774 13900
18571 25715 15807
31747 12079 9844
15925 11896 26254
21850 28349 12402
17448 14131 27003
11926 4317 17649
2285 2430 6831
1308 10187 9740
5065 32451 6194
6142 25281 22712
5634 23234 18458
30973 14469 3211
32013 14457 10065
24484 12168 32495
5743 13829 32632
23345 19900 6948
24900 27537 16272
4109 2457 10905
29342 23989 18029
29692 17179 24971
26942 21963 16163
2129 9883 492
8792 27434 3814
29641 13516 17140
1112 7749 4385
9687 21061 13812
5614 17182 18850
27531 1637 4422
1732 10901 7731
8789 17514 12392
7336 4718 24574
3928 2840 17569
29464 29226 17025
25095 9796 13260
29805 20239 8453
8003 15130 2835
15130 27620 29913
11823 21247 18887
28340 31058 28087
4729 8787 11413
969 29169 2849
6092 8073 7109
22186 6491 12440
24734 29767 32588
14510 14314 18430
32414 13719 4560
1188 13535 27772
1385 28996 26621
31332 12077 7621
30809 19962 21419
19142 14621 28305
6782 2253 8912
13413 30076 21153
5159 22052 2096
9972 5406 28589
9099 25925 20552
26135 10710 29189
13923 19701 28395
26105 48 12504
26789 19679 642
27414 17301 14164
2196 25290 12278
9205 10399 24348
31459 965 18092
20163 18376 24015
14759 10440 32279
22028 18102 19084
16188 7046 26313
30476 30930 446
2673 23396 26391
18763 20469 15506
7069 23493 24483
12925 23619 32481
25188 5174 28260
17117 18067 31101
8782 12319 18191
30087 13046 30745
26767 28414 19946
11631 24886 14666
22406 18268 7784
21263 16235 29778
23771 28150 31021
32736 1777 9137
27980 20441 19781
31801 30310 15539
11651 10586 16042
18733 23422 7026
4496 32052 16508
21366 30151 26632
1236 5685 9071
3483 22460 25825
10889 17210 26972
24267 23980 16238
19239 28782 21753
24869 10858 29615
7505 29197 6437
9571 26565 26689
22811 5138 19789
27431 23845 27642
31421 8088 29899
17495 22774 32578
22037 20962 1369
16203 31135 8856
11906 2615 31980
18108 10546 4364
32508 2847 20876
14260 11041 10399
3205 24738 26126
3310 32150 7097
20785 8341 17587
15465 6211 11832
22657 6939 15645
20251 20676 1487
21965 229 13590
9219 28905 18596
9183 20951 5155
1810 25985 13936
2334 25111 16339
6554 27776 26510
7633 15537 13129
19788 24466 15041
6755 29278 26234
13292 13433 1427
12720 18444 2573
30011 7890 9370
32709 3117 8936
10703 30470 24591
3991 27400 23748
29905 14488 3695
6809 14715 3432
20440 7700 16937
31552 10985 27219
25427 11079 28798
26580 4690 28935
19275 26248 12064
32029 30660 1577
7008 10293 13113
30926 17054 27190
9798 21437 30679
20922 20074 25216
19516 4033 10998
12347 17203 27558
12585 15164 1951
13138 19353 1748
1633 31663 26836
32613 4639 17759
23880 25789 29763
22959 7264 11938
3911 29638 3312
8110 30257 2595
31955 31326 7513
19526 30675 3173
2162 10412 1480
1094 6600 28417
5124 17697 26311
25234 3567 11469
13757 20737 26863
40 2273 316
10123 29099 23187
3759 6095 30274
28389 1209 20722
23642 24155 20061
13366 22843 15855
20027 29968 152
2136 12990 27785
23140 11404 23190
15332 2792 25988
23913 641 16659
16191 3269 11009
24337 27913 346
5035 4383 21757
2150 5646 18077
29897 1392 12776
16740 945 7225
24391 12123 30167
14064 19438 581
17593 15525 2042
31197 8443 3072
26054 5157 29031
3635 4363 22523
17202 30253 8524
11757 3968 16
11121 15182 31275
17638 5810 29577
28096 30352 14518
21430 14539 6142
31996 31851 4181
1446 7035 7637
7082 25134 8837
27143 28000 15212
22513 401 3476
31633 13689 3669
31095 31393 1121
150 15370 17447
23642 8786 1061
25894 2469 29906
23486 22098 7803
3199 25704 22144
13229 24311 15642
18780 7304 14176
30002 28250 4603
17661 12473 1007
6396 30718 25065
11008 10279 8349
15340 7835 20648
1126 17127 5093
28252 24022 7479
22099 9011 31272
2555 29725 8665
26988 8402 3824
2965 29913 16102
9444 25969 20324
17705 26029 26779
13458 3038 26645
12811 27018 12124
21418 5478 21614
6670 21171 5922
7659 28607 24681
20972 4367 15892
18276 19270 11611
5722 25684 31605
7962 29826 241
3226 4593 5994
23349 5407 4534
11871 11464 20820
28037 32735 18108
8282 20753 28067
5498 18497 2105
31197 8444 17773
8412 12734 23869
10558 24301 8507
24302 19440 14026
13329 18539 21951
16841 10246 749
25423 24852 29810
6145 18764 696
19199 16185 15181
15608 5549 29729
23039 13287 5657
10356 27775 32054
2558 26256 18695
30282 30972 30760
12493 16529 3992
25913 9000 22551
11141 24383 27637
30804 32034 27816
28985 17225 25155
26761 1032 24267
24116 10896 14501
31774 21243 27450
2538 32197 24542
14405 19434 12185
2341 3433 12758
17689 3361 25923
27421 4609 2669
22162 7127 12574
23412 4517 13412
3424 19251 21012
27728 305 1857
6319 25722 5
29452 16820 13430
32306 16485 19269
26415 2819 28991
24600 10961 20743
9907 31345 14310
28847 24904 13133
13247 26904 5746
4576 4629 806
16216 28482 14832
29394 17626 16998
29128 8901 27859
26699 22250 24101
11419 15478 25630
19631 1233 5535
19335 29958 19031
31403 10186 14666
157 9178 18547
493 10531 7234
7572 2754 11321
6012 1710 1623
16138 20381 2261
2949 27352 32615
12304 325 6537
19649 8191 31941
19299 14181 6080
17852 23060 24537
27922 29946 27893
15008 17083 24899
655 945 32296
20061 13151 1576
16468 4712 4566
3132 26091 9582
19364 2929 21166
20283 28726 24846
3097 26479 125
13010 26435 23505
11250 18403 19975
28902 24279 28167
24417 28867 1471
16150 28442 15391
10832 23216 10408
29100 19784 26667
22864 8104 8638
29903 9613 13230
3499 582 11701
7379 5032 22862
26074 21486 2553
29873 9454 15927
17099 6263 12075
7700 2490 26970
16306 1583 6806
6266 21875 716
30055 30546 18252
27994 13230 2027
25461 7751 17134
23887 7707 28953
10347 24641 4939
20155 12850 19499
24594 12820 14681
30808 5859 23262
22920 16739 21304
8886 16825 9968
12412 10351 571
29081 10281 17836
31741 29996 6958
686 21769 17171
2707 31850 5711
24851 17247 28895
22180 22586 442
26022 5898 12306
20303 7371 13362
10779 8436 19419
4415 20856 30605
18750 24525 13033
2093 9159 10546
20729 12159 22666
32003 10361 13413
6894 26843 22828
7646 25347 7511
18116 8237 13845
25701 17933 25912
23937 19647 10857
13358 32711 11954
18300 15468 20449
28196 15144 1954
18131 7637 5052
22321 7044 26597
9832 28888 27852
24471 10741 7824
20942 8276 27058
26036 17544 24051
9394 14693 6824
18999 27956 11309
161 29593 7267
25826 11007 328
11840 23246 12791
28783 6620 7436
19267 14006 31178
10549 22061 28171
6356 5437 28137
28066 14061 4247
30247 29754 6759
160 21993 18339
16742 15418 21650
28029 18325 10935
19776 24898 21527
18938 11356 27527
9153 24536 27504
32382 902 23236
32568 15296 20274
9644 27643 1865
18524 29470 29723
19396 22933 17327
5356 21514 6630
11165 17858 24037
9338 7091 11598
18969 6295 12653
16682 3493 21971
21085 946 18502
18564 5837 21526
9277 23160 18342
1197 25426 23526
29585 11148 15641
30885 24411 24920
29300 3484 21918
25176 14937 29306
6558 17870 27605
2983 369 16264
2385 14458 31587
8114 4373 29100
664 1262 14090
11276 18163 29863
27588 21365 3127
19873 21695 29181
1132 18645 6633
22384 10629 31869
11361 21757 23103
5483 27263 24878
15948 15006 17684
14366 13745 20247
18931 19430 22381
1513 14256 6488
17243 31888 32423
13552 19289 20355
21312 9223 14250
23821 13682 22090
10905 10840 4486
21355 26463 7883
24094 28950 71
2453 23413 9511
12304 9610 22504
18458 25235 3887
7606 23490 12454
24848 28164 10814
21311 27226 11556
20778 20957 13221
9238 3346 28707
17938 31567 22828
7878 26774 21178
14150 29610 18325
6909 13309 27976
15027 5117 31536
1363 7399 5284
4276 22171 27345
32738 329 23089
