848
9469 3461 22754
13018 20472 6652
12420 17694 7403
14886 1093 20841
29863 860 25762
29837 21958 15010
39 27196 30527
15588 31387 22384
31031 15488 17528
5129 6170 30725
1694 14264 5611
20026 30279 28189
19928 21347 9534
22060 9746 19391
8780 28885 21467
12117 32243 25316
9697 6897 1887
3622 18634 21097
21914 17869 14864
14372 28927 8725
23823 24029 12529
14120 26204 4773
8653 13119 4441
4647 1820 10251
21510 14640 19982
851 1306 25455
1060 31454 10323
22137 9772 28563
21770 24079 23410
3039 27402 32164
28981 8535 2466
23322 10840 2463
31993 18125 14170
3722 5538 1234
27272 7554 7792
15233 31857 18987
25740 11056 29851
25667 1476 4930
2676 9421 31014
26721 4747 13934
1486 16391 19456
7447 7164 5443
8762 16612 17514
19130 14039 8260
6620 3564 18409
27995 248 32696
18015 6820 4696
17954 12481 6875
27358 27477 1569
22554 22087 11748
25934 9794 2051
9813 11338 13468
22084 26080 11262
17088 11094 29300
17453 7350 8494
17403 31655 8796
31557 9951 26815
24071 29351 10189
32254 28269 2118
27833 3865 18371
20885 7970 8737
4130 29522 19351
24826 6959 16035
23162 16142 18683
9317 1540 10050
19496 29377 29065
17962 6990 4352
17917 17528 4508
11680 30648 1467
707 4775 6518
16198 17935 5175
24738 31597 31959
19811 16084 23800
6168 8001 13464
14033 24925 9792
16753 19456 2786
6588 5405 19417
2808 18896 26139
24180 18091 12140
4459 21854 20387
17063 26517 21646
14664 2902 19180
1947 18730 8157
788 14124 1695
1605 27074 21167
28078 11151 21699
16974 18731 25928
24896 5406 30756
12638 1088 24474
8828 10290 1134
24145 8406 21742
16669 12507 7092
26649 27273 16657
9696 30825 3935
10878 22028 17880
9088 13840 9141
13049 25602 15891
2893 26765 15480
3680 15768 22354
4468 5330 24151
3099 5194 30202
5668 2597 1046
23060 31645 8105
32768 1593 6084
26798 20158 5590
2470 29729 16219
26716 3387 16167
1847 5945 27022
31410 16720 2056
2589 20307 29375
28420 18307 4943
14470 21955 9044
9972 648 31265
31561 27437 32729
6522 30621 1621
8248 31772 14518
27465 20186 21755
2056 22209 19050
18855 4151 14048
15949 13948 24699
12553 298 792
16201 14837 7338
6931 4144 29698
636 24298 20737
18382 4765 8507
29234 27397 22230
1080 3716 18807
6022 19286 17892
1134 11681 30021
16271 31806 13817
12837 6010 6173
2492 2551 15089
16437 8254 18257
30846 15864 15865
31318 18188 30388
5331 10214 2124
13415 14751 30994
19032 28884 4837
32467 19607 22230
9446 24059 19424
28149 24283 30571
23010 9271 19838
24711 17347 10808
22219 16359 19463
21885 25352 25167
15284 32006 5891
7138 3763 1058
923 18834 16250
1928 28289 1755
30184 24738 6208
27569 7536 29484
9083 26295 9850
30974 374 1969
30470 16422 2009
20028 20115 3898
5040 20669 8511
9197 23989 20375
11823 32735 25554
2209 21809 30650
3042 24279 28576
14458 25528 10831
12425 14092 8802
17519 20491 15899
20142 9310 1540
3623 12014 8120
6122 17367 26105
9094 32246 30864
24946 31085 25480
20806 32077 27941
1735 28562 142
26157 15239 30981
22356 18877 5489
10429 11799 14589
32093 7989 21038
32628 13827 25697
31636 17859 5075
20475 25579 23699
27681 19480 20161
13260 32645 9726
26387 20999 25474
24889 5647 24647
12133 16620 14110
7651 28784 31590
19746 20679 10552
19445 7420 1501
24652 22271 20818
13765 535 5198
2959 8652 6664
13228 1579 32028
9968 12208 11308
13872 3755 727
18925 29835 29954
13014 15134 7850
31184 9775 14860
31799 8804 30723
13346 18559 29223
15911 18352 18726
30334 30074 20204
15641 18930 2165
7223 14277 21135
9219 19361 15495
16265 20115 19886
11875 2598 30060
3931 26616 32215
25665 25436 4019
2984 23302 4264
31812 27867 13826
10807 15694 22736
23588 5130 7267
21033 26522 22893
10799 20267 15520
14457 11251 16742
662 1756 32054
16536 13142 21469
14775 23759 13508
27546 17317 23502
12455 8084 31250
26034 7863 30830
13222 25813 13558
13554 20880 7411
12868 14933 32450
15755 14126 22972
28510 29576 8456
3838 13419 15905
6971 7340 30669
2814 23263 10575
13428 23964 14477
16880 16083 1522
7278 26078 12692
10837 28824 32683
4746 10393 3483
28536 17383 4729
21846 2674 5551
18744 28688 13213
2924 31881 24516
29137 10788 4269
23995 9986 25224
12251 13920 19652
27502 2788 5969
23053 8321 3351
946 13885 14647
1890 25286 23901
27652 5819 23744
6564 20942 18878
31190 30272 7584
18840 14232 20307
31906 2595 2176
9019 12873 17746
29130 2326 17611
17872 15237 28805
19926 17636 26347
3761 17281 24472
24302 7308 19843
26394 5907 19034
31394 4194 3203
3183 27247 18197
23904 9530 16177
10154 27221 4226
27679 25803 13937
13296 13266 7166
31029 30926 27385
23940 5867 13070
21327 27521 29498
31118 8906 29790
20984 21402 2837
19564 14911 24499
21825 27338 4035
22414 26040 11656
22114 5472 15474
10508 21501 32345
17771 1717 1159
30318 3412 14015
5211 16732 11912
31079 21715 29930
2627 847 24342
24686 8718 16675
22833 3474 9598
32381 4458 15960
2078 29702 25552
3164 13226 223
7703 3418 10878
4927 21923 8431
11853 1117 25571
19364 16150 27536
31968 17192 1620
11444 5142 4061
630 17873 898
26518 1678 8183
10492 9632 25165
26476 28103 1023
17967 12042 27751
31225 14323 25314
10418 25561 11086
20005 3626 22509
4832 14405 10378
19665 32103 23895
19103 29935 4915
17852 5977 29511
2010 16640 8482
19820 21548 2050
4974 16079 19561
19029 6804 20800
26290 10983 32220
24242 17854 28640
8153 24639 23502
27085 22777 11884
14819 22014 24666
5805 24366 16428
14047 27180 7368
10080 18564 27078
24995 27151 14318
13142 705 15754
2119 5175 21411
13462 6472 25860
8965 6486 10647
21154 28616 7794
21332 14465 27184
11122 14062 28702
5455 18539 18492
14797 7361 27870
29129 8885 12954
13789 623 3100
2461 18287 6439
14309 16303 23862
799 32342 19595
20047 16397 4383
18614 2170 8388
28568 8374 18043
13316 28747 2175
1472 30103 946
17198 32579 29593
5186 4857 10162
24088 10152 25958
31438 13533 9554
4028 5649 1928
26161 12215 26259
31715 29117 1152
28206 3696 3130
21468 25568 16708
31290 12196 13170
11544 7524 12149
8279 10398 20083
29352 4055 31249
6274 32389 15981
18192 14726 19635
25709 13996 3100
7667 3561 31168
16005 25871 10710
11649 31470 24076
5227 19541 25845
9639 8394 8425
4202 25856 26082
28541 21842 26000
21140 18819 9522
8544 19732 16233
17802 9085 24979
25779 5023 19623
17435 23116 13693
20553 10682 21278
23613 32174 15586
18144 31620 10609
12560 18223 6732
19253 14764 10977
8423 9111 26672
918 18496 32353
13709 4495 3685
25856 15051 10692
21570 21817 23791
16944 2223 20503
28705 6256 1198
21800 5646 9868
31981 7657 23436
23061 11411 11646
22908 16752 7481
2214 23797 9073
12341 10735 23199
13612 19743 1574
12636 25095 22926
13586 46 23060
24099 4706 4949
23198 31945 27363
11447 25858 7226
2550 11141 22464
27846 15170 22300
7634 10832 5286
20777 26685 16281
7281 29457 9701
11969 8150 6800
11685 25354 19866
10656 20127 20448
26896 15772 15057
278 10567 24997
32746 115 6274
16453 603 13421
2024 6226 11952
7220 27517 30997
21793 3314 12881
2476 25444 21585
28408 24493 28870
25663 25657 10508
20602 27630 18954
11583 7729 542
24253 27039 30955
17566 6260 19730
24588 4368 2778
22247 26290 15086
21781 7425 12614
25290 11254 32056
29009 21210 21619
32252 21393 1203
8792 8763 5197
13397 20281 13445
11749 9320 15787
19823 21933 30661
31924 6453 15099
17464 8063 8355
15487 17028 15700
6453 2003 16296
11720 125 22355
13153 21809 1733
16943 8176 5469
3318 21183 7965
13956 14776 22294
16508 23674 27099
8153 7407 23593
32758 8530 17260
1343 22349 10944
25345 13348 24056
10225 22037 16431
6722 8467 29424
6681 8016 27848
17790 11954 13571
18552 5711 25042
14110 19179 25315
13715 28588 25879
11045 29117 28828
25910 14389 24450
12463 12316 16490
28012 28564 9416
3224 20371 9553
24121 654 28691
228 18307 14563
17341 14890 13857
30707 22285 15105
32397 19492 10076
25513 14094 3438
7255 28273 7377
26 13744 13967
20284 29385 16660
26191 21887 32185
11356 20592 8812
18244 18439 30922
2696 29097 3560
4149 24674 5647
16412 26535 11043
28871 29759 7836
11111 8914 24287
4283 8779 11427
29489 18102 3783
1573 11011 28274
21823 30720 2802
7784 1364 6681
14045 26699 12800
6999 10906 32490
4066 13997 27367
29529 19926 31061
17059 19787 23497
15961 24638 707
5068 856 26478
4844 31078 31367
19235 18500 815
32246 958 26112
8858 18453 30077
17581 32275 5494
6970 8723 4426
5076 18774 10334
10190 16981 7408
28800 26077 9996
27482 977 21371
32194 17869 8440
7617 17398 25947
18447 632 17954
4902 20994 6630
4672 24784 5944
29416 29581 17714
26998 13633 23437
29009 25856 15922
23631 29069 23809
27467 6130 28444
26412 1920 18792
9655 19108 3711
19066 24979 22041
14913 15116 6547
24884 3807 11683
31164 32054 22696
32036 29161 6364
20592 12255 7360
7045 23082 3019
4836 15254 4538
16403 32364 5150
6660 18386 661
15798 25161 27163
19379 28332 21939
31549 23406 26208
10542 17221 25898
10221 15226 11716
20167 18444 15230
9938 10635 21046
2272 18770 14172
2313 722 17016
20531 1517 14639
3721 15309 31735
13254 29410 21412
8718 17398 22844
285 2124 5243
28718 27651 23718
27527 13555 27956
25296 21268 19054
6554 9051 7033
16747 31069 5665
27708 13864 16215
19426 22312 26388
5321 23343 8607
10454 19788 5255
14385 23441 5898
16833 109 17767
31533 29865 31990
30268 17048 10478
30682 6332 4821
15676 10016 21663
22351 1957 32672
9771 19138 2373
10776 20219 13551
1318 20091 17408
12436 32353 10636
15557 3483 24966
8364 18423 9106
23870 18416 2340
10331 11823 3703
963 24357 25120
1275 6005 13211
22110 29349 4490
5466 30046 11302
30663 10153 30627
24835 28774 6500
11234 21296 27487
14650 2661 11489
28902 6681 6061
26781 14645 23525
23131 32660 29067
27760 26705 21042
21109 21671 20244
32500 27468 26121
23412 7035 18175
23646 1136 991
19986 18341 32084
13381 2535 21070
13092 24756 11581
14249 14653 16164
1526 32415 26938
14296 15389 19616
14869 28654 551
25820 4750 25141
6777 10166 6865
31294 22059 9845
20819 26038 28940
7997 26365 4082
28390 30015 9868
31692 24067 31020
27448 28590 8943
5615 27283 10220
12672 13723 21941
855 22292 29346
5526 24079 31258
26953 9915 3736
29396 15704 22549
14640 24922 10262
28966 28000 9443
8820 869 16850
22592 32649 27364
25186 30633 2878
16944 17527 5052
331 19832 30100
13763 28770 8434
14378 22838 23977
1659 25265 7809
15470 26238 13558
6918 3607 14358
6071 27238 15959
15479 31341 25852
4008 2442 17257
8107 11253 10199
1570 6362 11670
18344 29646 14012
13442 20843 14895
31445 23488 21849
17584 3770 8991
7765 5040 3608
8487 27671 7710
12791 4431 6281
28998 16704 4721
11377 746 27261
10618 10065 27029
27361 23654 32395
28460 9864 31084
6089 12742 5631
24181 17052 18109
11527 21715 30052
5126 7830 21808
20847 21437 8735
18372 12901 30212
7699 5324 19683
21774 23464 6455
8294 28535 10201
21410 16491 7383
1454 23942 14548
28822 21949 1200
4494 16130 5873
6386 13681 30878
9354 16921 16487
20413 5477 29214
30929 23632 8318
18337 30758 12797
10931 29842 18141
7281 25035 32050
28558 30198 2230
25402 19796 19528
22806 4441 6517
18340 7679 6884
31813 2083 27643
9162 9543 27974
6738 1222 11926
31698 24968 32728
20355 21982 17190
6389 8832 31018
7870 26366 573
14258 6185 28911
16912 7811 13075
27481 17818 16078
18362 27154 15272
3387 13554 23082
87 19327 29549
22562 27260 12337
28217 13913 2114
16601 17546 18375
3861 4683 22714
17133 703 25395
20622 20748 22481
17648 27323 7574
5445 18086 19880
31202 14689 22158
13174 26915 26079
19857 5950 10395
5962 22806 18329
2060 27563 14104
614 9840 15461
30843 32199 26345
3934 15776 621
12795 9055 8503
31510 22265 7102
17748 7507 8637
3898 14021 3983
30876 32294 6820
12365 5786 29642
23080 25265 13785
22278 16576 1090
15960 11832 16483
28654 19674 23136
20513 12879 9763
3458 6399 21292
27242 76 25857
22595 7436 11001
1160 25925 21630
1397 7646 7459
9861 4802 6928
10376 9385 15258
10748 1446 31975
15446 682 1334
4774 10766 26592
6330 9196 21250
5616 22022 20178
32312 5077 21502
2869 20071 6782
17569 27823 19476
1642 28743 16581
23291 1909 30246
23906 7856 754
30235 13189 4742
23545 1960 31286
22704 5634 8761
1470 1190 1459
23211 7959 25803
1015 6670 28578
3916 22352 12714
21784 13899 18286
28737 12739 1853
3840 7316 3310
6544 8138 31016
6042 12433 27896
13642 26994 21646
12210 28497 2561
1847 23024 11299
6691 5962 11152
26619 12729 22384
7590 9321 17825
15458 6163 6042
10726 9807 9561
24793 1075 22914
6317 26198 17038
27200 23118 16422
27202 8175 19990
21644 21277 4990
2126 2423 8924
3328 17607 12107
7396 25754 21542
2276 6707 27296
29568 5337 15765
6907 16935 31741
14363 8142 18883
18732 12745 26457
19620 20036 10895
20765 20054 23153
26491 13888 2678
9646 16428 20788
19909 5512 24714
18580 25979 16165
21172 24910 6366
19078 25914 7175
24850 6921 16781
16827 21299 24882
18099 9124 28833
31146 31807 4702
20891 15752 12673
20552 24080 10192
7418 813 2225
29753 4114 26916
16459 6964 4878
21684 2900 20265
32060 13372 452
24324 23920 10386
6438 8688 18100
28395 30446 20578
21820 8699 15629
28250 32664 5725
1219 10982 2093
22068 31668 22759
8934 19 22335
25879 8999 3354
4619 27979 17923
16994 10210 23798
27822 20892 17347
13039 23349 27892
5170 21620 20332
21052 14803 4462
1064 4422 1079
15862 29871 4497
28918 1305 29805
6952 8446 22744
28393 26312 14378
9075 25591 31041
23319 7656 29742
19998 16179 28598
4508 5512 278
31718 10425 2408
13590 32588 21914
7628 26133 25611
31079 4236 30366
28247 17423 7213
6193 9855 1594
20997 19674 9258
24448 24480 9992
7904 7384 17251
15261 26573 23379
13423 31298 12482
17162 16841 24573
17533 28244 27831
14341 5162 20797
17005 24277 15914
13620 14568 15231
29202 7428 21275
25411 22007 9478
20553 7008 20713
13204 27314 11562
24253 3520 26993
16477 20752 9286
2469 12209 8584
11456 719 2990
14685 23321 10875
16322 21016 20292
31523 3473 21403
2862 592 21132
21346 1265 31234
19397 6408 10570
4434 19457 19469
25165 10326 6159
11990 30295 837
23897 2805 21317
14555 30393 12971
6627 24575 29582
15275 32167 16548
5390 22305 19616
3053 13790 27379
13225 24468 20448
20551 4834 6284
5196 23365 30305
14565 18946 4126
1828 25841 26142
10573 2122 15269
4813 21277 13443
3649 6240 16491
4038 15156 23711
31917 322 12345
27744 7987 18838
22471 17240 17325
10564 30120 17968
27630 19299 14055
8923 12015 18581
30960 2856 22807
22073 3059 32147
25017 30178 29833
4193 23007 14599
28826 29420 14406
27900 17278 6459
9897 17184 3426
17877 13378 18777
12782 26071 4495
18109 4645 29509
14674 20626 7564
20894 10971 11129
32398 22707 6537
19686 26143 440
13711 4307 15008
27292 29172 30646
11778 9110 27614
176 32559 31489
22287 29703 27301
15209 5040 12758
3684 4070 20813
22787 17675 680
25378 23154 15422
18900 10645 19576
19018 22159 13571
4755 18188 23127
1471 11608 27663
13978 3416 18092
32756 2689 21787
20023 20759 21261
28121 14870 17263
