908 290
8 855 660
9 63 702
10 429 29
17 700 405
19 573 148
19 810 160
20 402 462
20 787 662
23 268 52
24 154 524
32 375 711
32 414 2
34 97 996
36 407 105
39 394 697
42 859 443
46 440 388
50 554 583
51 894 497
57 673 253
60 589 701
65 562 11
67 346 53
67 719 671
70 605 532
75 729 413
77 139 210
80 24 844
80 643 491
85 780 70
85 882 504
92 255 405
92 368 72
93 422 532
95 565 594
100 49 149
101 624 725
101 715 164
105 49 632
105 473 510
106 282 406
110 789 387
117 28 181
119 831 119
122 131 352
125 739 30
126 428 951
128 412 597
134 147 243
136 657 438
137 43 140
138 642 36
138 838 134
149 896 789
150 29 135
151 751 186
153 810 550
155 738 751
167 205 801
168 730 172
178 787 231
179 11 936
181 794 249
184 731 216
185 3 563
186 410 59
194 570 682
197 596 472
212 741 194
218 472 412
219 752 632
221 551 535
223 130 978
223 340 289
227 259 201
228 621 66
229 876 466
233 695 571
235 794 435
235 832 389
236 315 553
236 656 318
237 147 683
238 54 991
242 442 35
242 723 17
243 454 569
249 296 99
250 836 14
253 132 426
253 460 929
256 204 93
269 27 385
275 649 115
280 690 953
284 262 202
284 310 314
285 33 449
286 365 255
287 211 666
287 488 591
302 629 394
304 124 441
309 76 638
309 277 573
310 565 255
320 52 668
322 227 128
325 172 984
325 841 705
331 60 991
331 388 538
337 501 726
339 65 34
344 251 876
347 689 521
348 315 110
350 340 759
352 330 39
355 676 71
356 248 60
362 559 955
363 661 173
364 701 575
366 496 639
369 87 318
371 161 60
374 480 479
377 471 166
382 496 158
386 335 852
388 464 774
395 555 31
395 848 59
395 909 182
396 814 39
399 567 656
402 637 348
404 224 51
407 86 811
410 379 840
412 80 811
418 466 400
422 184 84
425 84 504
430 725 698
440 92 306
451 681 777
454 554 826
456 786 61
458 43 906
463 751 940
466 290 950
469 32 207
477 86 162
478 902 129
482 863 174
483 712 858
484 823 223
486 372 539
489 653 820
493 165 213
497 123 111
501 612 55
503 840 863
504 77 498
507 333 454
509 690 605
511 776 815
515 560 927
519 741 400
520 822 836
522 327 259
526 652 932
526 828 183
534 18 448
534 72 75
536 675 245
543 234 670
545 599 922
549 201 937
555 459 374
557 461 266
558 160 334
558 435 392
563 527 561
565 144 892
565 296 12
570 762 728
574 813 774
576 907 564
584 688 727
586 244 158
591 151 671
592 441 782
594 835 782
595 842 718
600 421 523
601 750 116
604 37 313
604 395 822
608 668 444
612 436 657
614 835 937
618 119 957
632 658 840
633 390 537
643 481 427
648 69 756
650 487 119
657 456 968
659 757 71
663 693 955
665 44 551
667 157 424
675 729 585
677 626 694
681 246 751
686 448 664
696 309 171
696 559 789
698 39 509
698 447 883
705 279 298
710 188 194
712 529 683
714 891 388
715 15 974
716 16 989
724 386 82
728 875 917
736 71 260
736 316 311
738 539 120
741 814 16
750 730 861
751 493 200
753 2 912
754 155 393
754 292 673
754 328 782
762 761 857
763 651 308
763 680 884
767 146 417
768 450 169
775 98 625
776 807 552
778 733 82
779 612 14
781 733 154
781 737 357
782 188 610
787 511 228
793 457 716
798 182 296
798 718 858
803 663 639
816 550 352
816 650 130
821 905 617
822 678 589
823 249 600
835 802 657
838 531 839
840 471 8
841 737 573
842 748 308
848 319 18
855 516 781
856 356 159
857 129 948
867 328 985
868 294 555
869 68 636
871 794 704
872 863 409
876 643 206
877 318 114
879 165 795
880 216 440
881 401 419
881 674 79
892 392 277
897 358 995
897 406 709
900 180 807
900 627 471
907 745 206
909 618 817
176
