959
14467 21019 21707
3266 22909 14172
11197 22032 27744
9857 2590 19899
2614 1730 25433
24144 25824 11718
13446 22107 32590
1804 7739 27365
13814 19083 20645
17210 11134 1685
32215 29168 28092
257 18017 32548
26337 13193 21541
26631 28401 26481
5990 14234 4471
13418 23074 7349
23414 26293 7586
8526 17826 4235
30287 26360 3792
19133 22983 3242
6828 26776 4912
8642 10410 8971
20941 19017 30527
32524 1486 30841
10064 29495 32621
24444 29675 4280
1078 887 4661
13164 20134 2759
19875 32067 11256
13451 13421 8425
11324 6242 26688
16293 6313 4982
26420 24193 9268
1721 24829 13995
2658 19054 27749
25883 4186 31468
12538 15734 7230
670 22787 17458
22203 1359 24505
5116 2783 4260
4020 12886 14379
13802 17828 6021
2794 28946 19265
28074 11969 250
24197 19247 12166
5359 14616 27748
23637 29551 11276
12394 24801 32307
9162 23889 2313
14189 10316 28541
25260 11342 11661
30798 12733 26827
18494 20480 27290
22689 6843 7887
9881 14742 3645
351 18148 770
11345 19548 14728
26255 11401 13149
5320 20029 2673
22287 31927 31657
14276 32399 1798
11406 16096 23
4378 26764 27000
7389 15457 23592
16265 21560 1255
25877 29327 29189
9764 13234 2296
23625 16921 9683
24025 25624 32411
16068 18656 7605
3310 24715 650
1018 20373 10862
6293 27386 4713
8373 1721 1510
2281 433 18323
1069 1745 27645
29154 2535 9966
14852 13813 1908
21552 14019 20324
13408 26881 4049
16127 12682 22741
10396 24836 5766
6146 13045 13205
28223 13779 12495
24936 26337 23767
17219 25793 14582
11647 27352 22173
2511 9960 7426
15920 19749 4598
21224 29842 27136
8866 30058 28854
9944 17301 19043
3995 8442 16373
18219 11462 21294
16255 27745 7919
28567 18646 3815
27899 4314 15898
12845 20266 1667
1981 22451 20626
16548 24978 26569
9420 7870 32295
6042 1517 9701
29781 28776 11959
25120 11029 23577
17681 30479 14229
23283 18613 9168
24972 18084 23081
15906 16842 18053
28144 26827 12051
22815 16385 2360
27949 5871 7032
16484 21048 4710
19084 27387 22078
31028 17089 27838
16651 23238 24926
19241 27199 14349
19490 23379 16289
16514 18995 1815
1462 24679 10583
28017 1683 1103
870 25130 8943
13792 30720 4280
31100 30168 11899
18016 6264 30542
13343 10141 28030
8251 2710 21701
26531 29496 31390
16874 32702 18057
32513 17918 6919
27739 23495 9531
31716 12362 13738
6850 13567 20006
15818 9603 21148
17911 17826 7260
11818 12606 20283
19845 8215 32126
28063 11563 1001
12283 2449 22363
17035 5826 24187
26914 22244 2793
17320 29939 174
10264 5555 5704
6534 7497 21568
26764 16447 31435
18409 25913 20092
8589 17532 27966
19582 14233 23395
419 22330 17887
4707 28527 11439
25396 29322 29386
21110 4250 866
5471 2715 10946
1643 19460 2731
5327 1736 6045
10510 93 4409
11581 29847 30402
10313 27023 27226
1939 18633 4981
15806 16491 4732
12782 26323 20967
26900 31037 27365
1525 8541 4936
4945 27471 3769
18238 1687 23106
1228 17532 30641
14004 8568 5298
24483 4965 29452
31041 30036 6773
20152 14312 22428
24359 27461 6816
7582 31972 5122
9924 16728 10115
2050 20341 6264
4295 22916 10045
20337 18217 25011
21746 6863 29144
7312 20446 4807
3583 300 10012
27923 4422 10778
22597 2301 5531
25124 31053 441
29234 26941 14759
15095 26058 1463
32432 7097 13875
13750 8010 27490
26893 5349 711
1296 31186 19047
9994 21804 12567
4881 20968 21824
270 15318 29140
31240 2896 8322
29116 18379 13273
684 1070 235
25940 19685 10687
8892 27290 5686
30381 9362 373
31178 23491 11550
2729 5863 30333
12794 31541 19747
11373 13698 29398
2260 5597 5862
7117 13256 31670
10365 14306 7734
27809 92 32425
29685 11627 14120
12548 4588 2222
2344 1513 20426
16814 3486 21605
4599 11905 30808
7905 14282 15731
6530 25509 14844
27048 4030 22170
3420 25347 24695
26708 7621 27975
27249 15951 30029
14972 26277 121
25536 17557 27469
8177 14925 27215
9531 31503 28542
21340 15214 676
16238 24513 4327
17539 7222 9853
22713 32576 680
18283 12384 9015
1856 5225 13395
25808 12119 21946
17117 17410 27290
11689 24872 11542
16571 24431 30363
5806 1894 32087
21093 16645 13431
16928 12122 31352
8298 6563 10751
3398 19730 7350
23776 14996 1166
1103 5930 26292
25722 22509 24949
23206 10594 23347
17634 16095 20092
32470 2150 13130
21910 22714 22629
10381 19277 26456
3203 24205 23424
9315 32695 11316
2564 10923 11937
29810 25497 29505
4125 27777 15133
28124 23576 5998
18176 30843 13474
6869 13048 31308
25925 20716 31222
9677 11413 15298
7256 9777 17417
15817 1632 15365
6665 15251 15077
3347 29256 2777
5704 11143 24660
21185 15786 6224
20588 16736 3676
17609 4753 14974
8599 22425 7135
25498 14446 14552
29214 12590 9216
10611 30101 22837
32242 27089 32030
20201 17693 13238
30848 11217 12931
2920 3320 10747
23176 11281 24601
4999 28255 4965
1239 19301 12738
28804 16094 21342
30950 31266 4136
29529 17070 28645
17614 26071 17183
19214 28958 11713
29204 25180 5615
31075 29234 1325
24369 14008 25631
20967 12488 15592
31215 19350 30107
12047 24287 29399
25831 31808 18246
26100 12762 8394
15560 19536 22877
3257 31437 4358
561 21408 28465
12493 9021 2454
13118 7967 25638
29055 4311 1690
27681 24717 26613
26790 4869 31494
2136 24664 10405
11847 21366 3222
18012 3081 15032
25980 24297 27363
28133 255 125
28688 19934 2768
32019 26227 30605
29571 27904 1752
31512 6897 16331
5501 4954 31195
20286 30929 29075
3792 10429 11643
29022 4688 215
15262 18660 13873
1307 4443 2384
29762 45 26264
899 12335 1049
3584 25864 12452
3814 22347 8522
13237 23919 26304
31492 8830 24686
9720 16890 10246
2010 12772 6375
12138 22643 27154
22454 3383 32667
1323 24052 22551
22887 20161 27014
13488 7414 29255
17815 6345 8961
30561 26069 18862
31412 21343 16861
6614 16572 13315
1267 10692 27810
26507 26103 12331
2135 1515 15252
3413 1552 16219
8379 11717 10323
29713 15696 28
12370 31056 1827
569 18041 12193
3873 10660 20803
20065 11980 11053
11857 2171 10728
26064 445 28279
6263 29916 4012
12724 11496 11605
21538 11505 10892
2710 19739 22034
8265 20026 10967
32033 15250 22333
23157 31892 18326
29791 7875 16078
11448 13769 11093
15592 1088 499
30164 23216 5200
29125 12697 17394
18457 14333 10618
12023 30798 6096
27620 10316 6105
11988 32043 19396
6350 5661 1053
3776 7581 7846
9437 32686 19083
11507 32239 7888
19299 30709 31631
13375 24936 12078
30023 18223 3471
19478 18880 6772
10987 4796 27865
21062 3433 1456
7158 10049 30909
20769 11418 19119
924 28995 10553
24586 15148 6131
12359 12221 6841
5534 18837 30507
11177 18783 9693
31218 25010 23655
31900 14449 1866
19618 31775 28552
20063 2712 32737
17822 22857 11921
276 18665 20477
2300 30078 8937
21891 4625 4230
9526 29098 31926
6799 4988 17146
28831 21124 20164
3306 12218 3508
17909 30291 10954
2529 20378 3109
18769 9619 20709
23641 26804 29362
22004 15654 22170
22356 32596 5240
19093 12500 26820
13214 8964 11556
27963 6978 26936
20068 27692 15263
24789 19635 29704
1262 9851 19013
30213 23585 8614
3509 26398 18388
19923 13981 29274
27009 7909 8293
8274 5875 1222
26456 6125 10237
21073 17405 23663
19563 2928 12452
11442 32313 24193
3391 26546 25603
19711 13683 6736
14269 18270 15599
6735 1444 16438
17917 21155 22388
31396 9814 9451
8156 6126 20027
1084 31279 10341
9665 11552 4700
17296 21613 7902
18720 27526 9984
14844 26746 16284
1940 10243 31840
16960 15336 28802
9136 13861 24057
24405 28009 22177
17106 8231 5659
28499 17316 13110
14748 5896 7449
8022 19709 4575
22758 1337 29884
7852 30112 30701
2875 13211 16592
16038 27505 28182
5961 25534 21472
14824 32697 13562
30151 29602 21375
6415 1176 2621
27068 24165 22956
25602 30893 26394
54 2727 8504
22090 15734 25275
22724 8846 26927
29252 9550 12738
10842 31398 24505
25100 27676 27078
28774 9241 7926
26224 14853 2730
6716 31734 9899
29520 12744 10522
2852 11379 21487
22062 21642 15513
17332 30330 13334
12005 17212 22750
15671 2270 17026
27577 10721 19827
26188 30729 14632
12603 31582 6099
23565 25601 10733
27589 9368 4991
32086 21530 11047
2922 5136 12478
24069 5807 3039
27826 28478 1533
32331 22707 21682
32643 8529 6422
3689 31739 24664
10999 10022 5351
359 17554 9023
2074 10900 5361
20907 5243 23488
9928 13149 5126
12417 27293 27856
30483 32352 11307
30180 1243 9029
30473 31720 1336
6191 11911 10744
14252 7208 23769
19337 15269 2937
32119 32066 19967
14106 18115 24590
32715 20588 14060
623 19023 15658
26643 29717 9293
26525 28589 14255
31881 24336 19753
1793 15749 23684
11218 7478 16015
32677 31734 31608
17917 22524 10056
23487 184 3685
25731 17894 4855
17092 28240 31492
9805 29172 8554
11001 6374 30720
17920 10311 12814
662 2139 3620
32754 1976 25792
3277 17067 5301
2712 20508 2168
2392 31438 13405
24395 4959 25977
15710 16264 32302
2747 965 5129
10949 8936 3238
869 17392 4587
16213 24178 701
27110 28025 22536
5939 281 8546
27144 2369 7941
9885 2973 9717
1233 197 7362
19695 21740 17563
11013 12820 7668
1881 29578 26503
3287 22596 18002
17365 2616 30849
11965 30831 18196
17705 1358 27742
31909 1952 20143
12082 25478 8226
3061 6203 9753
16030 24612 26108
21030 7624 12022
29149 3524 29802
6360 19488 4989
4346 30774 21526
14765 21362 17400
8339 2347 31068
31565 19615 10027
28716 32423 31854
5731 8659 31239
11923 4973 28561
17530 11632 4205
20235 22755 13553
5107 15773 19452
8314 32547 32241
25496 13597 32531
21457 13099 23569
11636 12857 24971
24927 9333 4017
31736 2783 2532
21721 31323 7011
21910 6470 22731
5682 22282 8844
27221 22200 15945
22940 18685 20603
11280 10833 1792
2897 3377 325
1372 12241 17719
23529 5010 14343
27721 7893 15531
6252 9297 9820
25977 29972 18781
17764 8223 14122
325 9844 22740
5786 28302 17167
16355 27661 2702
25921 5366 24346
27345 26487 14229
17594 30140 9876
8426 16893 19056
23104 10951 1788
24561 18307 18410
13839 8072 404
4479 19264 32357
11499 19942 6143
23177 30877 21687
10007 7907 16873
29699 7392 29369
5646 15069 26550
30794 1632 19737
21675 24242 667
9300 23673 19213
11639 25141 15547
23775 24445 6129
12636 20916 19480
10005 25167 3075
31983 8064 22912
344 6002 16046
5387 21426 8371
29757 2477 6698
13176 4009 10615
7382 23694 31579
17098 2029 4448
10466 19327 23084
29896 4736 27750
4728 24100 30184
24818 24772 22189
11334 32562 24117
260 17280 31747
4228 7950 15547
16261 15525 10754
5154 24011 19622
12480 30178 2007
19673 28773 17529
2245 17461 23324
21553 9030 27642
311 32743 25424
2708 4222 31505
14356 30146 24006
1280 27185 32759
11462 24930 16935
21761 10791 14858
29454 2536 19418
19956 7560 25625
2990 4483 32500
7107 12322 9230
8420 7554 6007
16027 7377 3899
14602 32746 18446
7239 20705 14774
23547 19667 27012
9015 28283 27782
14350 5355 20136
17509 32387 12694
6597 11252 26724
8328 7283 13726
5505 15646 21544
31319 18191 24459
9438 18560 25338
8920 5896 14859
16765 19498 12746
30175 30959 14148
17769 8318 7136
27724 14849 16357
7524 17106 13942
5812 20399 13838
13228 14990 12514
20073 20475 27075
31269 17472 30429
25644 9462 16356
12522 19287 23232
23269 12295 19940
688 18064 27610
8751 25028 15286
25217 5168 293
6063 20867 10911
20150 19103 31494
10075 11245 31480
19267 26380 24290
576 29240 25607
6565 10005 17820
24691 3029 14446
32536 31658 12910
28195 10932 14050
23011 12976 22928
11533 1645 14902
27860 510 13986
2754 3305 19660
13385 22994 8426
379 26477 25365
23125 7641 24496
7283 10503 7591
2018 27469 11111
31225 14290 16134
28385 14304 6244
13506 5270 19013
3556 10349 11857
19224 7322 22272
26557 20395 31647
30207 20438 23640
18927 25670 22174
15210 6590 22534
21265 15163 17936
11787 9562 6041
18052 15936 18759
4718 30064 22900
27899 32672 31795
21598 24547 18487
22983 17375 28139
10430 14230 20104
31473 12011 143
14172 29305 14978
28280 1495 24483
1398 390 28463
16731 30545 5675
25817 28368 18391
3375 27727 8231
13542 14850 9233
28528 20385 2897
6633 26073 9422
8663 22132 26913
17531 18806 16862
7504 27880 2182
17901 3750 23713
14701 20801 14289
4075 25199 8154
14435 28001 16328
27866 20354 9695
13304 29068 28385
19359 4703 21926
31216 25762 30729
29899 1360 31826
9931 7508 10890
30821 5775 11344
17408 13572 12524
10953 9508 11309
27386 20554 8935
11350 12644 3741
117 25171 23230
2777 5151 14969
5145 10141 14488
23812 31701 1174
24165 18870 24247
5959 20879 22209
19259 16649 1947
5863 28460 1616
2491 27360 29553
19249 20294 16892
18986 14625 7270
19977 8956 12800
14609 11895 31144
29782 5178 22202
29411 21724 10056
13296 31586 12606
11719 21956 23860
31 1373 7826
16212 8797 18944
16076 17279 22935
615 32668 13891
2029 28862 8394
1369 7431 23454
19937 28724 21593
25404 28301 9946
10405 14049 22088
19187 8385 16026
5941 1823 22938
3376 31820 12429
29049 11866 28344
9930 14469 9522
19069 26070 19082
12006 26206 32381
30200 7600 21246
26852 5167 24584
5445 25955 14073
2072 24581 24466
20312 26480 4318
1959 12675 4859
29791 5631 6699
25393 5485 27898
6402 17551 7145
3340 1150 27716
32397 3857 23258
17710 3095 6369
13407 10500 4010
37 10977 14805
5233 3945 23180
28593 3205 8562
24545 11942 24337
1745 30459 30958
8628 27064 8215
4454 294 9229
27987 8770 7455
15293 23990 15359
23412 31059 26993
16538 30339 19657
9060 3840 19154
29853 5092 709
10227 6952 12476
7192 10411 24108
5745 25591 22099
29868 26315 24735
7037 26368 28816
11847 18907 3368
1171 4109 14173
18273 7149 3377
13978 9462 13195
28289 28273 27993
233 12308 21744
16242 25628 15163
20852 15159 15126
31925 18962 27005
31270 11042 8246
22029 11710 20922
24714 4091 18809
29503 10778 1075
26716 22832 4277
26197 25181 25408
32406 7107 23329
27399 22852 23800
11786 4086 28086
283 23409 32656
26555 10195 23344
3543 22681 13662
30820 12805 4340
21725 6769 15229
20978 29938 8006
21249 6557 29325
10978 7205 3721
26115 4118 2820
20150 18017 13965
16945 9655 22271
8715 3313 28180
4952 32498 18855
8686 3352 22538
22671 24289 28791
22913 25263 24879
8902 17713 3339
14874 12103 31778
27673 17809 30274
16720 19316 8975
21077 6574 7636
13761 10252 28010
10558 28647 5042
20083 17272 28028
10598 2105 12992
8729 31601 23732
1725 7703 23254
4775 32182 12020
1579 14630 18946
24311 15016 17494
19392 6167 23422
26484 4808 28186
9065 20504 15585
21498 5257 9915
1076 16524 6766
30839 4608 1635
4722 28175 27024
25331 11851 29743
32618 2290 25824
14581 20682 10756
25948 8879 3918
17302 16513 9191
13555 13066 15424
4253 5184 21781
1414 22739 14529
13414 13400 19535
11191 2953 22050
19356 28942 7690
29260 2642 20623
11485 15631 18071
16215 2557 27783
6630 32136 3924
25609 18191 15422
31963 10678 10623
24517 514 23120
10690 12809 30290
3917 23366 6477
1361 27434 10082
10016 20902 16386
10646 5005 21373
1119 8469 30867
30253 2640 7040
25045 14616 11452
15605 1169 22483
26357 18760 13270
15752 2704 21136
25842 18328 1909
12518 22570 7044
31282 10089 14767
5133 29845 23174
20173 2458 13433
31606 868 31195
15584 19719 27548
21164 1346 26016
3541 25660 13093
21119 2269 15982
4590 70 27238
32127 15607 3254
18871 18922 12257
26042 31393 3976
12588 22951 27829
12284 19204 31938
2740 13390 18014
2051 11847 16854
23620 5400 31728
22108 4461 23469
15169 3965 28689
21483 32588 336
5115 25150 13146
24650 15584 28764
24544 607 23279
6019 15278 31594
18857 16385 23914
22735 11507 23034
8509 16479 9322
4966 5836 30332
18678 12121 2922
3965 10402 25223
1163 20564 13483
22791 15996 621
21974 18775 850
16090 6919 14497
28193 29870 13840
21564 28270 11942
15047 1142 8166
23567 21595 7313
19024 8419 25832
19467 7616 28982
17224 13603 32525
31696 2861 19608
30854 10268 13164
26292 8929 11073
24220 5513 6772
30862 6624 15483
21672 4379 32257
31998 27050 30381
26304 24737 9827
17883 13418 25676
31403 15215 19372
18629 6073 10511
18345 19577 21214
7453 4682 12922
8308 16859 22229
15044 15121 14291
706 28612 19200
28534 18634 27931
8689 17923 23104
927 24303 27050
19108 24226 3731
18674 20854 3704
7031 4440 24136
7219 8942 312
13079 2737 498
4337 30939 26841
11870 14149 605
22817 12382 19710
12617 12883 20515
21463 12676 7570
19419 9369 32447
21912 10720 18565
26701 27457 31535
498 1841 13133
8733 18487 23164
16737 28997 15051
32214 5200 14021
20395 11866 22425
1962 16636 4519
24113 24488 32242
29491 14978 26895
8944 27619 6067
250 15601 10201
14378 19401 23590
16014 15695 28114
14816 20768 7315
15444 30129 25325
26034 31404 11726
8288 15924 30668
30392 2059 13882
8168 30236 10742
23159 22130 9463
28983 10109 11337
31997 11203 16954
17966 5436 17540
6594 1911 29181
25516 22095 21767
3051 26952 14725
1149 21111 30232
21499 19372 11642
30366 13304 17484
16924 25717 29050
22510 32502 12772
15229 10294 13171
5043 19065 18244
13948 7485 23597
21619 24660 25287
7323 20806 23488
5648 8276 17055
4716 20777 21493
29234 14474 903
1266 25658 15292
13655 26514 21866
6452 5393 15931
21799 24345 848
1520 20468 23853
4321 19480 7726
