864 439
1 477 526
3 479 802
7 318 231
8 470 830
10 791 73
11 153 751
14 97 713
19 574 867
19 749 122
20 150 57
21 306 294
22 306 697
22 560 872
25 403 675
26 328 632
26 733 20
28 576 158
29 436 45
30 748 585
33 55 282
35 537 139
39 296 100
41 253 155
46 214 182
46 257 810
46 406 321
47 803 78
49 153 459
49 164 154
49 774 793
54 30 17
54 94 682
58 422 796
61 577 791
62 855 691
68 108 284
68 819 812
69 193 182
81 129 637
81 731 362
82 36 708
83 787 160
88 495 340
88 537 924
91 678 628
92 743 829
94 106 285
101 27 865
105 382 107
105 429 373
110 478 751
111 291 193
111 737 932
112 46 36
112 301 876
113 125 468
114 687 660
117 306 507
117 794 434
119 87 138
123 142 58
124 315 572
128 535 314
130 711 831
136 283 799
139 444 872
139 666 468
140 93 960
145 683 779
147 75 391
147 489 1
147 717 68
150 170 983
153 646 613
155 3 871
156 734 424
159 704 353
168 378 77
170 514 310
171 255 561
171 575 542
171 837 203
174 605 827
181 819 272
183 517 264
187 128 17
190 169 802
190 830 69
192 455 184
194 673 819
195 288 40
195 512 723
195 683 337
198 173 489
200 611 681
205 343 991
206 183 963
209 496 950
210 631 555
210 705 799
211 768 449
212 579 822
213 680 397
216 303 335
216 630 491
217 24 704
217 674 673
218 392 695
220 301 893
226 570 132
226 649 818
228 81 222
228 260 837
229 67 448
229 116 846
230 158 133
232 807 212
236 420 674
238 86 485
238 334 515
238 509 978
240 178 917
240 366 564
241 174 336
242 800 539
246 124 77
251 83 291
263 509 292
264 698 816
265 196 886
266 163 24
269 348 88
269 751 30
271 770 294
272 532 70
278 98 872
278 208 616
280 41 733
280 612 559
280 681 485
281 600 33
281 729 24
283 733 310
285 319 526
290 354 412
290 670 711
293 252 598
296 677 323
297 255 116
297 586 754
299 696 396
301 220 163
302 328 945
302 408 211
304 93 489
305 42 30
308 352 688
310 493 926
311 253 977
320 517 163
322 690 462
324 62 81
326 801 651
328 402 369
328 562 203
331 540 953
332 13 190
336 143 418
336 611 315
337 643 485
338 789 157
341 246 682
341 850 768
344 681 959
345 109 948
345 268 181
345 833 54
347 697 868
348 638 898
362 82 51
365 735 998
369 586 119
371 43 868
371 398 876
373 56 359
380 40 124
380 92 796
380 332 57
380 755 10
381 35 531
381 225 957
381 417 390
381 451 580
383 3 892
384 862 553
387 784 787
388 94 854
389 651 643
389 770 782
390 264 753
390 840 913
392 76 224
392 862 58
394 505 840
396 39 824
399 780 725
400 605 275
401 606 993
402 169 864
408 84 810
408 536 112
411 751 464
412 597 80
414 250 483
414 569 153
416 151 872
417 168 804
417 718 765
419 574 217
422 121 67
422 610 474
425 161 505
426 485 638
426 509 1000
427 704 952
428 457 682
432 380 816
433 578 746
435 229 813
436 314 738
437 424 796
437 577 745
441 687 45
443 862 965
445 258 410
448 796 236
449 626 610
451 664 227
453 240 500
453 342 265
453 741 775
454 8 851
455 226 102
455 702 161
457 470 62
463 745 466
468 379 632
468 417 140
471 87 498
472 35 50
472 368 575
473 678 644
473 805 455
479 98 47
479 347 22
480 249 844
481 618 934
487 355 38
490 817 74
492 162 520
494 150 380
498 370 47
499 362 98
499 807 766
502 22 922
507 739 201
516 607 908
522 390 287
522 592 533
524 26 487
526 592 478
529 270 137
529 348 95
530 167 375
530 560 750
540 744 150
540 797 112
541 68 274
542 474 130
549 376 500
550 126 171
551 405 584
558 108 383
558 326 93
561 32 597
561 75 528
562 53 296
567 329 873
572 849 987
574 275 821
574 779 990
574 865 581
576 406 328
579 264 441
579 417 154
582 132 814
584 184 386
585 83 706
585 388 213
587 672 869
588 392 677
589 371 168
590 471 462
590 539 42
590 800 910
591 298 456
592 256 226
592 746 101
597 832 341
600 66 231
600 529 810
601 272 65
602 71 455
603 760 512
604 22 509
604 684 596
605 823 219
608 484 375
609 338 773
609 517 5
610 273 881
614 114 108
616 19 979
616 156 593
619 646 637
623 519 958
627 429 614
631 167 124
632 432 60
633 665 205
634 592 805
635 281 524
635 450 865
636 690 786
637 738 826
639 789 509
643 304 674
644 561 177
645 47 725
645 136 147
645 169 331
648 740 36
649 154 13
651 474 723
651 760 289
657 272 669
658 91 514
658 674 528
664 426 852
667 273 660
669 642 684
670 330 53
671 27 490
672 798 993
674 202 746
679 256 892
679 261 961
688 171 224
689 810 782
690 495 24
692 841 939
693 572 435
695 581 920
698 477 461
699 378 594
699 793 439
702 603 129
705 665 303
705 764 946
707 269 372
709 397 463
710 90 84
712 416 873
717 186 771
717 272 743
719 355 713
719 801 188
722 800 164
723 379 308
724 834 725
732 240 757
739 216 836
742 299 389
745 240 329
745 824 529
748 85 781
749 46 20
756 138 738
759 122 222
760 206 247
760 407 823
761 277 879
763 99 851
765 38 881
767 12 552
767 303 350
771 193 99
772 147 666
775 283 325
777 339 550
778 327 328
778 549 355
780 409 416
781 468 644
781 490 960
788 289 367
803 127 388
803 353 315
803 671 36
804 65 859
804 395 768
804 534 159
804 681 876
811 33 202
811 314 166
814 643 975
816 534 18
820 598 796
820 744 288
821 525 63
823 704 21
824 592 617
826 476 88
828 141 877
828 187 938
828 321 244
833 834 515
838 680 526
841 386 87
848 707 61
849 483 755
849 566 144
851 812 793
853 627 924
854 320 846
856 66 486
859 678 60
860 488 606
862 372 730
778
